2022-06-28,6.67,6.74,6.59,6.66,176958,122377597.0
2022-06-29,6.67,6.74,6.56,6.56,176432,122057316.0
2022-06-30,6.54,6.9,6.54,6.86,300293,212152429.0
2022-07-01,6.88,6.88,6.69,6.72,210851,147574441.0
2022-07-04,6.72,6.77,6.63,6.71,148871,103864324.0
2022-07-05,6.77,6.77,6.48,6.58,189586,130228725.0
2022-07-06,6.57,6.59,6.38,6.45,157087,105264302.0
2022-07-07,6.45,6.5,6.36,6.42,88834,59621901.0
2022-07-08,6.42,6.51,6.38,6.38,95009,63547940.0
2022-07-11,6.33,6.37,6.19,6.3,92223,60467281.0
2022-07-12,6.37,6.43,6.24,6.27,125635,82935388.0
2022-07-13,6.27,6.32,6.23,6.26,81631,53374264.0
2022-07-14,6.26,6.32,6.2,6.27,84524,55143249.0
2022-07-15,6.23,6.23,5.89,5.9,187351,117683262.0
2022-07-18,5.94,6.2,5.9,6.1,141034,89451135.0
2022-07-19,6.14,6.21,6.06,6.16,101823,65232808.0
2022-07-20,6.18,6.2,6.11,6.18,82622,53048494.0
2022-07-21,6.18,6.25,6.11,6.17,84974,54760535.0
2022-07-22,6.12,6.21,6.03,6.11,98441,62852395.0
2022-07-25,5.91,6.07,5.89,5.92,123028,76516191.0
2022-07-26,5.99,6.04,5.92,6.02,93701,58499045.0
2022-07-27,6.02,6.02,5.9,5.93,94811,58753951.0
2022-07-28,5.96,6.03,5.94,5.96,95341,59633783.0
2022-07-29,5.95,5.97,5.75,5.77,155532,94745889.0
2022-08-01,5.75,5.81,5.68,5.79,99873,60083115.0
2022-08-02,5.76,5.76,5.45,5.58,143847,83880608.0
2022-08-03,5.57,5.67,5.46,5.48,101453,59146537.0
2022-08-04,5.52,5.55,5.42,5.55,80478,46417977.0
2022-08-05,5.56,5.68,5.51,5.66,88716,52069891.0
2022-08-08,5.62,5.71,5.61,5.68,78615,46633779.0
2022-08-09,5.7,5.7,5.61,5.64,52274,30845668.0
2022-08-10,5.64,5.65,5.55,5.59,66173,38776228.0
2022-08-11,5.63,5.78,5.62,5.76,106481,63643991.0
2022-08-12,5.73,5.82,5.72,5.8,76827,46500207.0
2022-08-15,5.8,5.82,5.74,5.76,59606,35997091.0
2022-08-16,5.77,5.81,5.76,5.8,58176,35215339.0
2022-08-17,5.81,5.87,5.77,5.84,62446,38008950.0
2022-08-18,5.83,5.83,5.73,5.75,76424,46101228.0
2022-08-19,5.74,5.88,5.71,5.81,103101,62844538.0
2022-08-22,5.81,5.89,5.75,5.88,80602,49260522.0
2022-08-23,5.87,5.97,5.85,5.92,87362,54006193.0
2022-08-24,5.91,5.98,5.8,5.83,91544,56255214.0
2022-08-25,5.74,5.81,5.46,5.57,299801,174635837.0
2022-08-26,5.63,5.73,5.5,5.57,143105,84168109.0
2022-08-29,5.52,5.53,5.4,5.5,147930,84798242.0
2022-08-30,5.5,5.61,5.48,5.58,120924,70360144.0
2022-08-31,5.6,5.62,5.45,5.47,129735,75053270.0
2022-09-01,5.53,5.7,5.47,5.64,233184,136685119.0
2022-09-02,5.55,5.82,5.5,5.62,232766,137566528.0
2022-09-05,5.53,5.62,5.53,5.57,144477,84343530.0
2022-09-06,5.62,5.68,5.58,5.66,127742,75508920.0
2022-09-07,5.63,5.64,5.51,5.53,159211,92698731.0
2022-09-08,5.54,5.6,5.46,5.55,102488,59351117.0
2022-09-09,5.53,5.6,5.52,5.59,86120,50317145.0
2022-09-13,5.59,5.71,5.59,5.66,115630,68406611.0
2022-09-14,5.58,6.25,5.57,6.25,873294,553343247.0
2022-09-15,6.08,6.11,5.91,5.97,710175,445173589.0
2022-09-16,5.91,6.05,5.77,5.89,489402,301859765.0
2022-09-19,5.85,6.45,5.74,6.18,651350,412365252.0
2022-09-20,5.99,6.34,5.94,6.09,553647,352389635.0
2022-09-21,5.99,6.2,5.89,6.07,364288,230136940.0
2022-09-22,5.95,6.06,5.84,5.86,288155,178627180.0
2022-09-23,5.86,6.14,5.78,6.02,413296,258358148.0
2022-09-26,5.93,6.08,5.78,5.99,281063,174708117.0
2022-09-27,6.04,6.38,6.01,6.2,503077,323185857.0
2022-09-28,6.07,6.14,5.87,5.92,359489,225879269.0
2022-09-29,5.97,6.19,5.9,6.16,424539,269095156.0
2022-09-30,6.03,6.14,5.94,6.04,281643,177719164.0
2022-10-10,6.03,6.04,5.41,5.47,344063,207141979.0
2022-10-11,5.48,5.48,5.08,5.17,326945,178889219.0
2022-10-12,5.15,5.3,5.02,5.27,212759,115183161.0
2022-10-13,5.22,5.27,5.16,5.21,163059,89301144.0
2022-10-14,5.21,5.34,5.21,5.32,173737,96785416.0
2022-10-17,5.28,5.37,5.23,5.35,160684,89866165.0
2022-10-18,5.38,5.39,5.23,5.28,171791,95710246.0
2022-10-19,5.28,5.29,5.17,5.19,140541,76868883.0
2022-10-20,5.16,5.19,5.1,5.12,125816,68107903.0
2022-10-21,5.13,5.23,5.12,5.16,120116,65415551.0
2022-10-24,5.13,5.19,4.98,5.01,133121,71139630.0
2022-10-25,4.97,5.01,4.88,4.97,95256,49582789.0
2022-10-26,4.94,5.06,4.94,5.0,90144,47565636.0
2022-10-27,4.95,5.02,4.93,4.98,73892,38814143.0
2022-10-28,4.98,5.04,4.78,4.8,128553,66391165.0
2022-10-31,4.76,4.81,4.67,4.74,119547,59957154.0
2022-11-01,4.76,4.89,4.74,4.89,101456,51604178.0
2022-11-02,4.85,4.95,4.85,4.92,112827,58496961.0
2022-11-03,4.91,5.0,4.86,4.93,114072,59139970.0
2022-11-04,4.89,5.15,4.89,5.05,191015,101175398.0
2022-11-07,5.01,5.06,4.98,5.06,139786,74046827.0
2022-11-08,5.08,5.08,5.0,5.05,89463,47401873.0
2022-11-09,5.05,5.12,5.03,5.06,106139,56737396.0
2022-11-10,5.02,5.17,5.0,5.11,136197,73197564.0
2022-11-11,5.21,5.29,5.11,5.21,236992,129738899.0
2022-11-14,5.22,5.31,5.18,5.22,134484,74191246.0
2022-11-15,5.21,5.27,5.19,5.26,139552,76880421.0
2022-11-16,5.24,5.31,5.23,5.3,142969,79352343.0
2022-11-17,5.29,5.34,5.25,5.33,117775,65660608.0
2022-11-18,5.35,5.39,5.29,5.3,112091,62705571.0
2022-11-21,5.29,5.29,5.16,5.23,106676,58398656.0
2022-11-22,5.25,5.31,5.17,5.21,102998,56750142.0
2022-11-23,5.21,5.21,5.14,5.19,74290,40469633.0
2022-11-24,5.22,5.22,5.11,5.14,89313,48494766.0
2022-11-25,5.15,5.19,5.11,5.15,84998,46080046.0
2022-11-28,5.12,5.28,5.01,5.27,141482,76914752.0
2022-11-29,5.27,5.44,5.25,5.43,202558,114177894.0
2022-11-30,5.4,5.57,5.36,5.48,202720,116250056.0
2022-12-01,5.73,5.89,5.53,5.54,404713,239224167.0
2022-12-02,5.63,5.66,5.5,5.53,234011,136439930.0
2022-12-05,5.65,5.73,5.57,5.69,259303,153987703.0
2022-12-06,5.68,6.29,5.64,6.02,693065,436041097.0
2022-12-07,5.96,6.1,5.91,6.01,456010,285910385.0
2022-12-08,6.02,6.25,5.99,6.09,359249,228792193.0
2022-12-09,6.14,6.18,5.97,6.09,275878,174439165.0
2022-12-12,6.08,6.09,5.93,5.98,291322,182499343.0
2022-12-13,5.91,6.13,5.87,6.03,222623,140612746.0
2022-12-14,6.03,6.25,5.97,6.16,406251,261436730.0
2022-12-15,6.16,6.26,5.98,6.01,277203,175640362.0
2022-12-16,5.93,6.04,5.9,6.04,196161,122724652.0
2022-12-19,6.03,6.03,5.83,5.92,198498,122912658.0
2022-12-20,5.9,5.9,5.73,5.78,154923,94002074.0
2022-12-21,5.78,6.39,5.73,6.16,891304,577603065.0
2022-12-22,6.22,6.8,6.05,6.8,1119663,755412068.0
2022-12-23,7.23,7.51,6.76,6.91,1682337,1252025071.0
2022-12-26,6.75,6.81,6.43,6.64,1018132,701820893.0
2022-12-27,6.56,6.73,6.38,6.58,851872,581182691.0
2022-12-28,6.48,6.56,6.26,6.27,711312,473075547.0
2022-12-29,6.24,6.39,6.08,6.35,622964,408070134.0
2022-12-30,6.36,6.63,6.27,6.61,800813,542123141.0
2023-01-03,6.43,6.53,6.26,6.41,574482,382741356.0
2023-01-04,6.35,6.49,6.27,6.37,414583,274808372.0
2023-01-05,6.32,6.35,6.15,6.19,410054,265984288.0
2023-01-06,6.19,6.19,5.92,5.93,477048,299307197.0
2023-01-09,5.97,6.06,5.93,5.98,190560,119108959.0
2023-01-10,5.98,6.08,5.89,5.96,264234,165281918.0
2023-01-11,5.98,5.99,5.83,5.85,217520,133797307.0
2023-01-12,5.93,5.94,5.74,5.76,188496,114476900.0
2023-01-13,5.78,5.85,5.75,5.85,157130,95541007.0
2023-01-16,5.85,5.94,5.82,5.83,204975,126248038.0
2023-01-17,5.82,5.87,5.75,5.78,147142,89211591.0
2023-01-18,5.81,5.89,5.8,5.82,143013,87245009.0
2023-01-19,5.81,5.81,5.7,5.72,207160,124686753.0
2023-01-20,5.75,5.82,5.73,5.81,151187,91547521.0
2023-01-30,5.85,5.9,5.83,5.88,155208,95200523.0
2023-01-31,5.89,5.94,5.81,5.94,161521,99466745.0
2023-02-01,5.94,5.96,5.88,5.96,124767,77282614.0
2023-02-02,5.95,6.22,5.89,6.2,372159,235626458.0
2023-02-03,6.13,6.17,6.0,6.03,234967,148936302.0
2023-02-06,5.97,5.99,5.85,5.89,170522,105293829.0
2023-02-07,5.89,5.92,5.85,5.9,105532,64952797.0
2023-02-08,5.89,5.9,5.83,5.84,89417,54773216.0
2023-02-09,5.84,5.89,5.82,5.87,84845,52063728.0
2023-02-10,5.87,5.97,5.87,5.96,126259,78405971.0
2023-02-13,5.97,6.02,5.95,6.02,139356,87271176.0
2023-02-14,6.01,6.19,5.97,6.12,212091,134381306.0
2023-02-15,6.11,6.11,6.0,6.07,140495,88742046.0
2023-02-16,6.05,6.09,5.87,5.91,162954,102220109.0
2023-02-17,5.89,6.0,5.88,5.91,93626,58150217.0
2023-02-20,5.89,5.98,5.89,5.97,115858,71952809.0
2023-02-21,5.98,6.03,5.94,6.01,112134,70197124.0
2023-02-22,5.99,6.01,5.96,6.0,72459,45349080.0
2023-02-23,6.04,6.05,5.93,5.95,106314,66451473.0
2023-02-24,5.98,6.26,5.88,6.19,388590,248092000.0
2023-02-27,6.09,6.29,6.05,6.22,339440,218721655.0
2023-02-28,6.19,6.24,6.11,6.21,180505,116254380.0
2023-03-01,6.19,6.19,6.1,6.13,173815,111544526.0
2023-03-02,6.15,6.16,6.07,6.09,120961,77147499.0
2023-03-03,6.11,6.18,6.06,6.15,165323,105821372.0
2023-03-06,6.17,6.41,6.11,6.41,193534,125460444.0
2023-03-07,6.51,6.58,6.13,6.13,357589,235197937.0
2023-03-08,6.14,6.22,6.0,6.07,249364,159012196.0
2023-03-09,6.08,6.14,5.97,5.98,144367,91094796.0
2023-03-10,5.93,5.97,5.8,5.81,178623,109484531.0
2023-03-13,5.78,5.89,5.77,5.89,93706,57235410.0
2023-03-14,5.89,5.89,5.71,5.73,131414,79419458.0
2023-03-15,5.73,5.8,5.72,5.79,76642,46338522.0
2023-03-16,5.77,5.83,5.73,5.73,87086,52629190.0
2023-03-17,5.78,5.88,5.73,5.88,143897,87622315.0
2023-03-20,5.69,5.75,5.43,5.45,342995,199585547.0
2023-03-21,5.49,5.58,5.45,5.56,225404,130346585.0
2023-03-22,5.59,5.69,5.57,5.64,135892,80182796.0
2023-03-23,5.63,5.63,5.53,5.55,125467,73188469.0
2023-03-24,5.56,5.61,5.54,5.59,87931,51437089.0
2023-03-27,5.61,5.7,5.56,5.68,158081,93441267.0
2023-03-28,5.63,5.86,5.6,5.78,210901,127488292.0
2023-03-29,5.79,5.85,5.71,5.73,100994,60842550.0
2023-03-30,5.75,5.8,5.67,5.77,115652,69521099.0
2023-03-31,5.81,6.01,5.76,5.98,292617,181203010.0
2023-04-03,5.89,5.91,5.83,5.89,234420,144039830.0
2023-04-04,5.89,6.03,5.87,5.94,206122,128007889.0
2023-04-06,5.89,5.91,5.77,5.78,167137,101716816.0
2023-04-07,5.78,5.83,5.74,5.83,92637,56248919.0
2023-04-10,5.81,5.82,5.67,5.7,118018,70823720.0
2023-04-11,5.67,5.7,5.59,5.66,112686,66607990.0
2023-04-12,5.65,5.69,5.62,5.67,78717,46642578.0
2023-04-13,5.67,5.84,5.63,5.78,143144,86363148.0
2023-04-14,5.77,5.78,5.65,5.68,137363,82042914.0
2023-04-17,5.69,5.73,5.58,5.69,99985,59246109.0
2023-04-18,5.66,5.67,5.6,5.62,81279,47907936.0
2023-04-19,5.61,5.63,5.55,5.56,82175,48043366.0
2023-04-20,5.54,5.6,5.45,5.58,108642,62870535.0
2023-04-21,5.58,5.68,5.4,5.4,134190,77629907.0
2023-04-24,5.41,5.46,5.33,5.45,94861,53726198.0
2023-04-25,5.44,5.49,5.35,5.42,81059,46134967.0
2023-04-26,5.39,5.55,5.39,5.5,78534,45266522.0
2023-04-27,5.52,5.52,5.41,5.48,90621,51931256.0
2023-04-28,5.67,6.03,5.6,6.0,552211,337380086.0
2023-05-04,6.0,6.15,5.96,6.12,298153,188036884.0
2023-05-05,6.13,6.18,6.06,6.15,239489,152193093.0
2023-05-08,6.17,6.22,6.04,6.18,206348,131781355.0
2023-05-09,6.19,6.33,6.16,6.21,251504,163095699.0
2023-05-10,6.19,6.37,6.15,6.2,185763,120041113.0
2023-05-11,6.21,6.4,6.2,6.29,214755,140211328.0
2023-05-12,6.33,6.33,6.22,6.26,173102,112462260.0
2023-05-15,6.21,6.23,6.04,6.16,160261,101787771.0
2023-05-16,6.21,6.21,6.04,6.08,101567,64433001.0
2023-05-17,6.05,6.12,6.04,6.06,74041,46624584.0
2023-05-18,6.1,6.14,6.03,6.07,81551,51452870.0
2023-05-19,6.08,6.16,5.97,6.06,99014,62227674.0
2023-05-22,6.02,6.13,6.01,6.04,90133,56582344.0
2023-05-23,6.04,6.11,5.99,5.99,92646,58096328.0
2023-05-24,5.98,5.99,5.91,5.92,86464,53332801.0
2023-05-25,5.93,5.98,5.86,5.91,94784,58097558.0
2023-05-26,5.89,5.95,5.85,5.93,102006,62486724.0
2023-05-29,5.94,6.03,5.87,5.91,89563,55159711.0
2023-05-30,5.93,5.94,5.77,5.86,120156,72707090.0
2023-05-31,5.84,5.93,5.83,5.88,86612,52726771.0
2023-06-01,5.83,5.89,5.77,5.87,81304,49330860.0
2023-06-02,5.85,5.91,5.81,5.89,118256,72068034.0
2023-06-05,5.89,6.01,5.85,5.99,128747,79427087.0
2023-06-06,5.99,6.03,5.9,5.94,96233,59471958.0
2023-06-07,5.94,5.98,5.89,5.98,72442,44691683.0
2023-06-08,6.0,6.0,5.88,5.96,71536,44037773.0
2023-06-09,5.96,6.0,5.88,5.89,65060,40034902.0
2023-06-12,5.86,5.94,5.77,5.91,87471,53191388.0
2023-06-13,5.91,6.04,5.87,6.02,114142,70782617.0
2023-06-14,6.0,6.18,5.98,6.13,181757,115095059.0
2023-06-15,6.12,6.16,5.95,6.0,170400,106235124.0
2023-06-16,6.0,6.07,5.97,5.98,118975,74122763.0
2023-06-19,5.95,6.0,5.83,5.84,132792,81039236.0
2023-06-20,5.83,5.86,5.7,5.72,133009,79327914.0
2023-06-21,5.77,5.77,5.65,5.66,120972,71580300.0
2023-06-26,5.65,5.65,5.46,5.47,145339,83364765.0
2023-06-27,5.46,5.6,5.46,5.57,94766,54809130.0
2023-06-28,5.58,5.62,5.49,5.59,78505,45389997.0
2023-06-29,5.58,5.62,5.55,5.57,71808,41691168.0
2023-06-30,5.58,5.64,5.57,5.63,64674,37778475.0
2023-07-03,5.64,5.76,5.63,5.75,97073,57508740.0
2023-07-04,5.74,5.91,5.7,5.85,182270,109772201.0
2023-07-05,5.79,5.9,5.78,5.82,187449,113472612.0
2023-07-06,5.8,5.87,5.72,5.78,125613,75592840.0
2023-07-07,5.74,5.85,5.73,5.81,118386,71532734.0
2023-07-10,5.83,5.88,5.78,5.87,99712,60464896.0
2023-07-11,5.86,5.88,5.81,5.86,75453,45734350.0
2023-07-12,5.87,5.89,5.78,5.79,102346,61963987.0
2023-07-13,5.82,5.9,5.8,5.88,105696,64343633.0
2023-07-14,5.91,5.95,5.87,5.9,72028,44050371.0
2023-07-17,5.83,5.91,5.8,5.89,72045,43814887.0
2023-07-18,5.91,5.95,5.86,5.92,75097,46084979.0
2023-07-19,5.92,6.03,5.91,5.98,105606,65504002.0
2023-07-20,6.0,6.14,5.98,6.09,316114,199454112.0
2023-07-21,6.1,6.23,6.08,6.15,273589,174343676.0
2023-07-24,6.1,6.21,6.04,6.19,278719,177670103.0
2023-07-25,6.2,6.24,6.12,6.13,174980,111557159.0
2023-07-26,6.11,6.2,6.09,6.17,153385,97623872.0
2023-07-27,6.15,6.23,6.14,6.16,121205,77533157.0
2023-07-28,6.13,6.23,6.09,6.2,149605,95944880.0
2023-07-31,6.23,6.48,6.21,6.46,287684,189694892.0
2023-08-01,6.41,6.48,6.35,6.39,206150,136540945.0
2023-08-02,6.35,6.52,6.31,6.41,184889,122899442.0
2023-08-03,6.37,6.45,6.27,6.42,137119,90329150.0
2023-08-04,6.42,6.48,6.31,6.32,127820,84216876.0
2023-08-07,6.29,6.37,6.27,6.3,95735,62567328.0
2023-08-08,6.29,6.31,6.2,6.24,88972,57491933.0
2023-08-09,6.26,6.26,6.11,6.15,94253,60179412.0
2023-08-10,6.12,6.17,6.08,6.13,77438,49082531.0
2023-08-11,6.13,6.16,5.99,6.0,92442,58000421.0
2023-08-14,5.94,6.12,5.93,6.09,109556,68540687.0
2023-08-15,6.08,6.22,6.05,6.16,109286,69654231.0
2023-08-16,6.18,6.18,6.04,6.08,72335,45699048.0
2023-08-17,6.09,6.16,6.06,6.13,78580,49795438.0
2023-08-18,6.1,6.2,5.97,5.97,96862,60758684.0
2023-08-21,5.96,6.02,5.87,5.87,68582,42233900.0
2023-08-22,5.9,5.98,5.85,5.97,82525,50547654.0
2023-08-23,5.95,5.98,5.87,5.89,69878,42920542.0
2023-08-24,5.89,6.01,5.88,5.96,83326,51414376.0
2023-08-25,5.9,5.91,5.6,5.63,244007,144493726.0
2023-08-28,5.87,5.92,5.59,5.6,260598,154149697.0
2023-08-29,5.62,5.67,5.56,5.63,189778,110711779.0
2023-08-30,5.58,5.64,5.53,5.55,231960,134270252.0
2023-08-31,5.54,5.55,5.47,5.5,166725,95440513.0
2023-09-01,5.5,5.63,5.5,5.6,205993,119608176.0
2023-09-04,5.59,5.73,5.59,5.73,223927,131970683.0
2023-09-05,5.72,5.73,5.63,5.66,122808,72351067.0
2023-09-06,5.66,5.68,5.61,5.66,92257,54115407.0
2023-09-07,5.64,5.69,5.57,5.59,96353,56263908.0
2023-09-08,5.56,5.59,5.51,5.56,74476,42943848.0
2023-09-11,5.57,5.67,5.53,5.66,120184,70172042.0
2023-09-12,5.69,5.7,5.61,5.63,72431,42433389.0
2023-09-13,5.63,5.65,5.56,5.61,74080,43152675.0
2023-09-14,5.6,5.61,5.53,5.57,73595,42559535.0
2023-09-15,5.57,5.65,5.55,5.6,134422,78259560.0
2023-09-18,5.59,5.7,5.56,5.69,144283,84689220.0
2023-09-19,5.69,5.69,5.61,5.63,91950,53822677.0
2023-09-20,5.62,5.65,5.56,5.57,105328,61311289.0
2023-09-21,5.56,5.58,5.43,5.46,121037,69146046.0
2023-09-22,5.43,5.55,5.41,5.53,107066,61139060.0
2023-09-25,5.55,5.58,5.47,5.5,99290,56882029.0
2023-09-26,5.49,5.52,5.44,5.46,74153,42257290.0
2023-09-27,5.44,5.48,5.41,5.46,102771,58317863.0
2023-09-28,5.45,5.49,5.42,5.46,133772,75856110.0
2023-10-09,5.45,5.46,5.32,5.33,149648,83426124.0
2023-10-10,5.36,5.42,5.32,5.34,82046,45827684.0
2023-10-11,5.34,5.37,5.26,5.29,111920,61723833.0
2023-10-12,5.3,5.36,5.29,5.33,77471,42928843.0
2023-10-13,5.31,5.33,5.2,5.23,105043,57517710.0
2023-10-16,5.25,5.26,5.16,5.2,72367,39213268.0
2023-10-17,5.19,5.23,5.16,5.18,88490,47840389.0
2023-10-18,5.16,5.18,5.06,5.08,99205,52791047.0
2023-10-19,5.06,5.09,5.0,5.01,91002,47907899.0
2023-10-20,5.01,5.07,4.97,5.01,65936,34567620.0
2023-10-23,5.0,5.02,4.86,4.9,93195,47990015.0
2023-10-24,4.91,5.03,4.91,5.03,88245,45878875.0
2023-10-25,5.07,5.15,5.04,5.12,90212,48068596.0
2023-10-26,5.12,5.12,5.04,5.12,72163,38274570.0
2023-10-27,5.1,5.21,5.08,5.19,101093,54573167.0
2023-10-30,5.21,5.21,5.16,5.19,95046,51441386.0
2023-10-31,5.21,5.23,5.16,5.19,84346,45638978.0
2023-11-01,5.24,5.27,5.2,5.23,82058,44725457.0
2023-11-02,5.22,5.25,5.18,5.19,83864,45515447.0
2023-11-03,5.22,5.22,5.16,5.17,82489,44632175.0
2023-11-06,5.18,5.25,5.18,5.24,97489,53034358.0
2023-11-07,5.2,5.24,5.16,5.2,84556,45768919.0
2023-11-08,5.21,5.23,5.17,5.19,86682,46964638.0
2023-11-09,5.2,5.22,5.16,5.18,74067,40066274.0
2023-11-10,5.17,5.17,5.1,5.14,76568,40917213.0
2023-11-13,5.15,5.21,5.14,5.2,85566,46142127.0
2023-11-14,5.18,5.24,5.15,5.17,94517,51136873.0
2023-11-15,5.2,5.23,5.17,5.18,97138,52582807.0
2023-11-16,5.18,5.33,5.15,5.25,187150,102181094.0
2023-11-17,5.23,5.3,5.19,5.28,143882,78589928.0
2023-11-20,5.28,5.31,5.26,5.3,103980,57251293.0
2023-11-21,5.3,5.37,5.29,5.32,118134,65533776.0
2023-11-22,5.31,5.4,5.29,5.35,151789,84742144.0
2023-11-23,5.36,5.38,5.28,5.34,128808,71340634.0
2023-11-24,5.33,5.4,5.31,5.37,142936,79825665.0
2023-11-27,5.37,5.38,5.25,5.29,127169,70080044.0
2023-11-28,5.3,5.36,5.23,5.32,112421,62119059.0
2023-11-29,5.31,5.33,5.26,5.28,83426,45958348.0
2023-11-30,5.27,5.34,5.25,5.31,119864,66218059.0
2023-12-01,5.29,5.41,5.29,5.35,161196,89858545.0
2023-12-04,5.36,5.37,5.29,5.3,145413,80538304.0
2023-12-05,5.29,5.35,5.24,5.25,165471,91441274.0
2023-12-06,5.22,5.32,5.17,5.28,161842,88632688.0
2023-12-07,5.25,5.28,5.18,5.26,133100,72611866.0
2023-12-08,5.27,5.28,5.11,5.15,207143,111732110.0
2023-12-11,5.09,5.16,5.02,5.14,190577,101250427.0
2023-12-12,5.15,5.27,5.15,5.25,145940,79471325.0
2023-12-13,5.22,5.32,5.22,5.23,138453,76089518.0
2023-12-14,5.27,5.47,5.26,5.39,362029,203420316.0
2023-12-15,5.39,5.42,5.27,5.34,237976,131805028.0
2023-12-18,5.31,5.34,5.2,5.23,181478,99494800.0
2023-12-19,5.23,5.24,5.08,5.14,127490,68360387.0
2023-12-20,5.11,5.15,5.05,5.1,156158,83164454.0
2023-12-21,5.08,5.17,5.04,5.16,126855,67588208.0
2023-12-22,5.15,5.17,5.07,5.11,127295,67996396.0
2023-12-25,5.1,5.13,4.99,5.12,107580,57026428.0
2023-12-26,5.12,5.14,5.08,5.1,80666,42942639.0
2023-12-27,5.08,5.18,5.05,5.16,121428,64738564.0
2023-12-28,5.15,5.24,5.11,5.23,107811,58328284.0
2023-12-29,5.23,5.35,5.21,5.31,163485,90266685.0
2024-01-02,5.32,5.33,5.23,5.25,94840,52202106.0
2024-01-03,5.24,5.29,5.21,5.27,97578,53387579.0
2024-01-04,5.26,5.28,5.22,5.27,68455,37444263.0
2024-01-05,5.25,5.33,5.24,5.29,147495,81223465.0
2024-01-08,5.28,5.41,5.15,5.23,243261,134193997.0
2024-01-09,5.21,5.69,5.16,5.49,749688,420736006.0
2024-01-10,5.57,5.88,5.42,5.83,1093712,646422305.0
2024-01-11,5.8,5.8,5.53,5.64,604631,352424392.0
2024-01-12,5.59,5.67,5.44,5.47,462816,266325246.0
2024-01-15,5.44,5.59,5.33,5.37,551952,312407756.0
2024-01-16,5.35,5.44,5.2,5.25,432365,238058093.0
2024-01-17,5.2,5.23,4.97,4.99,357646,189815342.0
2024-01-18,4.96,4.99,4.75,4.9,285860,144814084.0
2024-01-19,4.86,4.99,4.86,4.93,190477,98027539.0
2024-01-22,4.91,4.92,4.48,4.57,244785,120360565.0
2024-01-23,4.56,4.58,4.41,4.53,187080,88206703.0
2024-01-24,4.55,4.88,4.46,4.82,278041,135616469.0
2024-01-25,4.83,5.13,4.74,5.07,457396,237127376.0
2024-01-26,5.09,5.13,5.0,5.03,311368,164665216.0
2024-01-29,5.56,5.56,5.04,5.19,761764,420741950.0
2024-01-30,5.13,5.17,4.83,5.14,333327,174104795.0
2024-01-31,4.94,4.94,4.68,4.73,397168,198012720.0
2024-02-01,4.63,4.72,4.52,4.58,185454,89651706.0
2024-02-02,4.58,4.73,4.28,4.48,199194,94917440.0
2024-02-05,4.45,4.45,4.09,4.11,227422,100554609.0
2024-02-06,4.05,4.35,3.83,4.23,198646,85141601.0
2024-02-07,4.21,4.34,4.14,4.19,172553,76988098.0
2024-02-08,4.18,4.63,4.18,4.54,237807,109485799.0
2024-02-19,4.58,4.66,4.46,4.54,175618,83619727.0
2024-02-20,4.52,4.52,4.42,4.48,114840,53811513.0
2024-02-21,4.45,4.62,4.42,4.52,172081,82042333.0
2024-02-22,4.5,4.57,4.47,4.55,110481,52392901.0
2024-02-23,4.55,4.69,4.52,4.6,166951,80303411.0
2024-02-26,4.6,4.71,4.56,4.63,178631,86580988.0
2024-02-27,4.56,4.67,4.5,4.66,207569,100345599.0
2024-02-28,4.62,4.75,4.41,4.43,298447,144385585.0
2024-02-29,4.38,4.49,4.35,4.48,238211,110874980.0
2024-03-01,4.48,4.51,4.43,4.48,138913,65090114.0
2024-03-04,4.47,4.48,4.37,4.47,124929,57964152.0
2024-03-05,4.43,4.45,4.36,4.39,106083,49118658.0
2024-03-06,4.38,4.57,4.38,4.51,200155,94344582.0
2024-03-07,4.54,4.6,4.47,4.51,165294,78505837.0
2024-03-08,4.48,4.6,4.48,4.59,138318,65805579.0
2024-03-11,4.59,4.72,4.59,4.69,182664,89475375.0
2024-03-12,4.73,4.74,4.63,4.69,136886,66955476.0
2024-03-13,4.69,4.69,4.61,4.63,133649,64983422.0
2024-03-14,4.62,4.92,4.62,4.74,333582,166583011.0
2024-03-15,4.78,4.9,4.7,4.73,203822,101914602.0
2024-03-18,4.71,5.23,4.68,5.08,662584,347778061.0
2024-03-19,4.99,5.06,4.88,4.91,475546,245051902.0
2024-03-20,4.91,5.04,4.9,5.03,368978,191439069.0
2024-03-21,5.04,5.52,4.97,5.39,843033,460716045.0
2024-03-22,5.26,5.34,5.12,5.22,477487,260107793.0
2024-03-25,5.14,5.21,4.91,4.94,358910,189250353.0
2024-03-26,4.92,4.96,4.77,4.89,274372,139212236.0
2024-03-27,4.86,5.23,4.79,4.93,455375,237218130.0
2024-03-28,5.06,5.25,4.96,5.22,653202,350095245.0
2024-03-29,5.11,5.21,5.01,5.11,489848,261107258.0
2024-04-01,5.11,5.43,5.05,5.26,599811,323898895.0
2024-04-02,5.21,5.23,5.11,5.22,424712,229144833.0
2024-04-03,5.16,5.42,5.1,5.28,514094,282362093.0
2024-04-08,5.23,5.25,5.05,5.06,340607,181480351.0
2024-04-09,5.06,5.18,5.06,5.09,190273,101363087.0
2024-04-10,5.07,5.17,4.91,5.08,310827,163634255.0
2024-04-11,5.03,5.08,4.94,4.97,179111,93712131.0
2024-04-12,4.91,4.98,4.81,4.88,212482,108721496.0
2024-04-15,4.84,4.89,4.63,4.69,263155,130789015.0
2024-04-16,4.63,4.65,4.39,4.4,267393,126079826.0
2024-04-17,4.45,4.62,4.45,4.6,180336,86412502.0
2024-04-18,4.58,4.64,4.52,4.53,192459,92593011.0
2024-04-19,4.51,4.83,4.46,4.7,313354,151574645.0
2024-04-22,4.64,4.66,4.56,4.6,167478,80898380.0
2024-04-23,4.61,4.67,4.6,4.64,131301,63696246.0
2024-04-24,4.62,4.78,4.6,4.78,164983,80978612.0
2024-04-25,4.73,5.14,4.7,4.97,398698,204813257.0
2024-04-26,4.94,4.97,4.85,4.9,304122,150652305.0
2024-04-29,4.84,4.95,4.79,4.93,238001,117888256.0
2024-04-30,4.89,4.91,4.82,4.84,139833,68726185.0
2024-05-06,4.9,4.93,4.87,4.91,136781,67885618.0
2024-05-07,4.91,4.94,4.87,4.89,117615,58234438.0
2024-05-08,4.88,4.88,4.8,4.81,111437,54574254.0
2024-05-09,4.8,4.87,4.8,4.85,92093,45154043.0
2024-05-10,4.85,4.87,4.8,4.8,90019,43917585.0
2024-05-13,4.78,4.78,4.67,4.71,109423,52261607.0
2024-05-14,4.72,4.78,4.71,4.73,90055,43280757.0
2024-05-15,4.72,4.76,4.71,4.72,77244,37033372.0
2024-05-16,4.72,4.83,4.72,4.8,117847,57177253.0
2024-05-17,4.82,4.89,4.79,4.89,143314,70403508.0
2024-05-20,4.9,4.96,4.84,4.92,172105,85635757.0
2024-05-21,4.89,4.9,4.84,4.86,83668,41229645.0
2024-05-22,4.87,4.91,4.83,4.86,61308,30183625.0
2024-05-23,4.86,4.88,4.75,4.76,94518,45909996.0
2024-05-24,4.76,4.79,4.72,4.72,64369,30964727.0
2024-05-27,4.76,4.76,4.66,4.72,61973,29476558.0
2024-05-28,4.71,4.72,4.66,4.68,53477,25388563.0
2024-05-29,4.68,4.7,4.64,4.65,58508,27623615.0
2024-05-30,4.64,4.65,4.59,4.6,69272,32397089.0
2024-05-31,4.59,4.67,4.59,4.67,59822,28134318.0
2024-06-03,4.68,4.68,4.54,4.57,73912,34342432.0
2024-06-04,4.57,4.58,4.51,4.58,64405,29670215.0
2024-06-05,4.56,4.57,4.5,4.51,60566,27830639.0
2024-06-06,4.5,4.54,4.34,4.39,104817,47118926.0
2024-06-07,4.45,4.49,4.4,4.47,84113,37976480.0
2024-06-11,4.46,4.46,4.36,4.41,56698,25322236.0
2024-06-12,4.42,4.47,4.4,4.47,47153,21279604.0
2024-06-13,4.47,4.48,4.39,4.41,65615,29389403.0
2024-06-14,4.41,4.44,4.37,4.44,41437,18509115.0
2024-06-17,4.4,4.41,4.36,4.37,40101,17829080.0
2024-06-18,4.37,4.41,4.36,4.39,44272,19703646.0
2024-06-19,4.39,4.43,4.36,4.4,47066,20949887.0
2024-06-20,4.39,4.4,4.25,4.26,87615,38225372.0
2024-06-21,4.27,4.29,4.22,4.22,39812,17159801.0
2024-06-24,4.21,4.21,4.06,4.06,73352,30621725.0
2024-06-25,4.06,4.13,4.06,4.09,66236,27513070.0
2024-06-26,4.08,4.17,4.05,4.17,57860,24207258.0
2024-06-27,4.15,4.18,4.1,4.13,57032,23932210.0
2024-06-28,4.14,4.18,4.11,4.12,69960,29417770.0
2024-07-01,4.12,4.17,4.09,4.15,61308,25714154.0
2024-07-02,4.16,4.3,4.14,4.19,105494,45041377.0
2024-07-03,4.19,4.37,4.18,4.31,156122,68251862.0
2024-07-04,4.28,4.29,4.15,4.16,106284,45352505.0
2024-07-05,4.14,4.2,4.12,4.18,43092,18229299.0
2024-07-08,4.15,4.18,4.05,4.07,58471,24331757.0
2024-07-09,4.07,4.14,3.97,4.12,81435,33492221.0
2024-07-10,4.11,4.13,4.07,4.08,36219,15061143.0
2024-07-11,4.14,4.18,4.12,4.17,64655,27283527.0
2024-07-12,4.17,4.21,4.15,4.18,46108,19553506.0
2024-07-15,4.16,4.18,4.12,4.13,36021,15116110.0
2024-07-16,4.17,4.26,4.11,4.21,96145,40940400.0
2024-07-17,4.19,4.2,4.11,4.16,74164,31259131.0
2024-07-18,4.16,4.16,4.09,4.15,67016,28034557.0
2024-07-19,4.11,4.16,4.1,4.13,44353,18585165.0
2024-07-22,4.14,4.18,4.12,4.14,44364,18693643.0
2024-07-23,4.22,4.33,4.11,4.11,101971,43481829.0
2024-07-24,4.08,4.12,4.03,4.05,89801,37156621.0
2024-07-25,4.03,4.1,4.02,4.06,40123,16536061.0
2024-07-26,4.07,4.12,4.06,4.12,39667,16502620.0
2024-07-29,4.09,4.13,4.06,4.1,34741,14452028.0
2024-07-30,4.1,4.29,4.08,4.2,123404,52595061.0
2024-07-31,4.19,4.28,4.18,4.27,122964,52921559.0
2024-08-01,4.23,4.28,4.23,4.25,77031,33177288.0
2024-08-02,4.23,4.28,4.21,4.25,76938,33207432.0
2024-08-05,4.24,4.33,4.21,4.22,119280,51679247.0
2024-08-06,4.24,4.31,4.23,4.3,109725,47623162.0
2024-08-07,4.3,4.33,4.26,4.33,100649,43853773.0
2024-08-08,4.33,4.41,4.29,4.37,110850,48940356.0
2024-08-09,4.37,4.39,4.3,4.3,79708,35028091.0
2024-08-12,4.27,4.29,4.21,4.23,75690,32643867.0
2024-08-13,4.24,4.26,4.17,4.22,54587,23301206.0
2024-08-14,4.23,4.24,4.16,4.16,41835,17780257.0
2024-08-15,4.16,4.22,4.14,4.21,56224,23892471.0
2024-08-16,4.21,4.22,4.15,4.15,40096,16985925.0
2024-08-19,4.14,4.19,4.13,4.17,39868,16844244.0
2024-08-20,4.18,4.19,4.08,4.09,61395,25649530.0
2024-08-21,4.09,4.15,4.09,4.1,39288,16387551.0
2024-08-22,4.1,4.11,4.0,4.01,72472,29716199.0
2024-08-23,4.02,4.03,3.97,4.0,42041,17075748.0
2024-08-26,4.02,4.09,4.0,4.09,43897,18105187.0
2024-08-27,4.09,4.12,4.02,4.03,46858,19286484.0
2024-08-28,4.09,4.16,4.02,4.04,61469,25371967.0
2024-08-29,4.0,4.05,3.97,4.03,58583,23863744.0
2024-08-30,4.02,4.13,4.01,4.09,90230,37383388.0
2024-09-02,4.07,4.1,4.04,4.04,55552,22937672.0
2024-09-03,4.05,4.07,4.0,4.04,62841,25705241.0
2024-09-04,4.02,4.06,3.99,4.01,47915,19579463.0
2024-09-05,4.02,4.08,4.02,4.07,74554,30650315.0
2024-09-06,4.07,4.12,4.05,4.06,79643,33023067.0
2024-09-09,4.07,4.12,4.01,4.1,58564,24264500.0
2024-09-10,4.12,4.13,3.98,4.02,125515,51316817.0
2024-09-11,4.0,4.01,3.91,3.95,122146,48965352.0
2024-09-12,3.92,3.96,3.91,3.95,48571,19433324.0
2024-09-13,3.96,4.0,3.9,3.95,64682,25919872.0
2024-09-18,3.93,3.95,3.87,3.95,51787,20554499.0
2024-09-19,3.94,4.08,3.93,4.06,106168,43461243.0
2024-09-20,4.08,4.09,4.04,4.07,63159,26043324.0
2024-09-23,4.05,4.1,4.04,4.09,52939,21863837.0
2024-09-24,4.12,4.24,4.1,4.23,126378,53644288.0
2024-09-25,4.27,4.34,4.24,4.25,119232,51847680.0
2024-09-26,4.25,4.4,4.25,4.4,141909,62306656.0
2024-09-27,4.48,4.6,4.47,4.56,193635,88967684.0
2024-09-30,4.74,5.01,4.6,4.92,413821,201857228.0
2024-10-08,5.41,5.41,4.87,5.07,650945,336386277.0
2024-10-09,4.94,4.95,4.63,4.66,361577,174693497.0
2024-10-10,4.69,4.84,4.65,4.77,235256,113132944.0
2024-10-11,4.75,4.82,4.65,4.71,161214,77078255.0
2024-10-14,4.74,4.74,4.61,4.7,156092,74055696.0
2024-10-15,4.7,4.76,4.65,4.66,149751,71231085.0
2024-10-16,4.64,4.68,4.59,4.64,123985,58152867.0
2024-10-17,4.66,4.68,4.52,4.53,141476,65953131.0
2024-10-18,4.52,4.64,4.49,4.6,149793,69312382.0
2024-10-21,4.59,4.64,4.58,4.61,141312,65904223.0
2024-10-22,4.59,4.73,4.58,4.73,176342,83603474.0
2024-10-23,4.74,5.03,4.72,4.86,389099,192357002.0
2024-10-24,4.82,4.98,4.8,4.86,242993,119860936.0
2024-10-25,4.86,4.95,4.82,4.9,209076,103724696.0
2024-10-28,4.87,5.04,4.81,5.01,337247,168964750.0
2024-10-29,4.99,5.01,4.88,4.9,284545,142053674.0
2024-10-30,4.87,5.06,4.84,5.04,324447,163902531.0
2024-10-31,5.04,5.04,4.96,5.02,219455,110971766.0
2024-11-01,5.01,5.14,4.94,5.0,347932,177147778.0
2024-11-04,5.02,5.04,4.94,5.0,195890,98712635.0
2024-11-05,5.01,5.12,5.0,5.11,271123,138850647.0
2024-11-06,5.13,5.24,5.1,5.18,324717,169925431.0
2024-11-07,5.19,5.47,5.15,5.44,508595,275858735.0
2024-11-08,5.41,5.56,5.37,5.46,440861,243035179.0
2024-11-11,5.44,5.44,5.26,5.4,289225,156131615.0
2024-11-12,5.37,5.61,5.37,5.45,340436,189264631.0
2024-11-13,5.45,5.47,5.26,5.33,217937,117598811.0
2024-11-14,5.33,5.34,5.14,5.16,195249,103250456.0
2024-11-15,5.14,5.19,5.02,5.04,125607,65034133.0
2024-11-18,5.07,5.15,5.01,5.05,143029,73568199.0
2024-11-19,5.05,5.15,5.02,5.15,116828,60256443.0
2024-11-20,5.12,5.33,5.12,5.23,138424,72781670.0
2024-11-21,5.2,5.24,5.15,5.2,98610,51858872.0
2024-11-22,5.2,5.25,5.03,5.05,127534,66517410.0
2024-11-25,5.08,5.13,5.01,5.12,123503,63412099.0
2024-11-26,5.12,5.23,5.1,5.15,133940,70062726.0
2024-11-27,5.15,5.22,5.02,5.22,164127,85160817.0
2024-11-28,5.29,5.46,5.24,5.39,315288,171529324.0
2024-11-29,5.27,5.38,5.23,5.3,334665,179340479.0
2024-12-02,5.3,5.43,5.29,5.43,295160,160810022.0
2024-12-03,5.44,5.58,5.33,5.35,329004,180646482.0
2024-12-04,5.33,5.48,5.2,5.39,351403,191398350.0
2024-12-05,5.34,5.36,5.26,5.31,189666,101644251.0
2024-12-06,5.32,5.4,5.25,5.39,212759,114923943.0
2024-12-09,5.43,5.49,5.21,5.24,293086,157284390.0
2024-12-10,5.4,5.49,5.32,5.34,326307,178421419.0
2024-12-11,5.32,5.74,5.31,5.73,820179,460230361.0
2024-12-12,5.67,6.3,5.51,6.09,1301718,772562990.0
2024-12-13,5.93,6.05,5.76,5.78,859844,508952023.0
2024-12-16,5.86,6.09,5.83,5.97,795843,478740271.0
2024-12-17,5.91,5.91,5.48,5.5,611571,345837415.0
2024-12-18,5.56,6.06,5.54,6.06,552654,333191142.0
2024-12-19,6.33,6.54,5.9,6.0,1563171,983752854.0
2024-12-20,5.91,6.25,5.75,5.95,977401,589201869.0
2024-12-23,5.84,5.95,5.59,5.71,580516,337086244.0
2024-12-24,5.69,6.25,5.59,6.09,818270,492421758.0
2024-12-25,5.94,6.23,5.86,6.12,736319,451553292.0
2024-12-26,6.1,6.34,6.0,6.23,717150,447821509.0
2024-12-27,6.18,6.23,5.97,6.02,620708,382481944.0
2024-12-30,6.02,6.02,5.8,5.91,443981,263624021.0
2024-12-31,5.91,6.19,5.77,5.8,420158,252436815.0
2025-01-02,5.63,6.07,5.63,5.87,563730,334871176.0
2025-01-03,5.71,5.78,5.28,5.28,523645,286321244.0
2025-01-06,5.13,5.16,4.75,4.75,655903,323407772.0
2025-01-07,4.75,4.8,4.62,4.78,363110,173356114.0
2025-01-08,4.74,4.94,4.7,4.9,423597,206233155.0
2025-01-09,4.85,4.91,4.74,4.82,262257,128139321.0
2025-01-10,4.83,4.85,4.55,4.57,265552,125730878.0
2025-01-13,4.53,4.59,4.44,4.57,191296,87668163.0
2025-01-14,4.59,4.77,4.58,4.77,245910,116862313.0
2025-01-15,4.74,4.94,4.7,4.79,285918,139069725.0
2025-01-16,4.78,4.95,4.75,4.9,299420,147921491.0
2025-01-17,4.84,4.9,4.8,4.85,200888,98624106.0
2025-01-20,4.9,4.98,4.85,4.93,199307,99437526.0
2025-01-21,4.96,5.04,4.89,4.94,179025,89644439.0
2025-01-22,4.91,4.92,4.69,4.71,269963,130835876.0
2025-01-23,4.77,4.84,4.68,4.69,265621,128150566.0
2025-01-24,4.69,4.78,4.66,4.73,175586,83967720.0
2025-01-27,4.73,4.78,4.65,4.66,184788,88166410.0
2025-02-05,4.72,4.74,4.66,4.7,156440,74458481.0
2025-02-06,4.7,4.78,4.66,4.78,176819,84695569.0
2025-02-07,4.76,4.89,4.76,4.88,224752,110197303.0
2025-02-10,4.93,5.12,4.91,5.11,316155,161483331.0
2025-02-11,5.17,5.22,5.08,5.13,215297,111726514.0
2025-02-12,5.1,5.16,5.09,5.16,161887,83924657.0
2025-02-13,5.17,5.24,5.14,5.16,248894,130231030.0
2025-02-14,5.16,5.21,5.13,5.18,160921,84144950.0
2025-02-17,5.26,5.37,5.22,5.3,283403,151735154.0
2025-02-18,5.24,5.29,5.08,5.09,265052,138284681.0
2025-02-19,5.08,5.12,5.03,5.1,186821,95978520.0
2025-02-20,5.09,5.18,5.07,5.16,151712,78816266.0
2025-02-21,5.12,5.16,5.04,5.05,198490,101828351.0
2025-02-24,5.07,5.16,5.05,5.07,191275,98591729.0
2025-02-25,5.0,5.09,4.98,5.01,161785,82552352.0
2025-02-26,5.06,5.07,4.99,5.03,138484,70355490.0
2025-02-27,5.04,5.14,5.01,5.13,245638,126402416.0
2025-02-28,5.11,5.18,4.98,5.0,209242,107190844.0
2025-03-03,5.02,5.04,4.93,4.95,144827,72911881.0
2025-03-04,4.95,4.96,4.88,4.95,108696,54196299.0
2025-03-05,4.92,4.95,4.85,4.91,147132,72939152.0
2025-03-06,4.95,5.02,4.91,4.99,172624,86779796.0
2025-03-07,4.97,4.99,4.91,4.95,103703,51906041.0
2025-03-10,4.93,5.03,4.93,4.97,143708,72335661.0
2025-03-11,4.92,5.04,4.9,5.04,134646,67873834.0
2025-03-12,5.04,5.1,5.01,5.04,125580,64253739.0
2025-03-13,5.07,5.08,4.93,4.99,103204,52095062.0
2025-03-14,5.01,5.18,5.0,5.17,243100,125770609.0
2025-03-17,5.18,5.23,5.1,5.13,182105,94984848.0
2025-03-18,5.13,5.15,5.06,5.13,157547,81361134.0
2025-03-19,5.12,5.12,5.06,5.08,117645,60557601.0
2025-03-20,5.08,5.11,5.06,5.07,113600,58422611.0
2025-03-21,5.07,5.08,4.96,4.98,146990,74611394.0
2025-03-24,5.0,5.02,4.8,4.88,180473,89483097.0
2025-03-25,4.88,4.9,4.84,4.88,101503,50061215.0
2025-03-26,4.88,5.03,4.87,5.01,157995,79370688.0
2025-03-27,5.01,5.03,4.95,4.98,93766,47377709.0
2025-03-28,4.98,5.01,4.86,4.87,97478,48479793.0
2025-03-31,4.86,4.87,4.76,4.82,92674,45122490.0
2025-04-01,4.82,4.92,4.8,4.88,94921,46860981.0
2025-04-02,4.88,4.91,4.85,4.88,65047,32158700.0
2025-04-03,4.86,5.05,4.85,5.02,162838,82477074.0
2025-04-07,4.85,4.91,4.51,4.51,211444,99816367.0
2025-04-08,4.5,4.79,4.47,4.78,273045,129408025.0
2025-04-09,4.74,5.11,4.55,5.08,462909,228122656.0
2025-04-10,5.02,5.24,4.95,5.13,511185,265251825.0
2025-04-11,5.1,5.2,5.06,5.09,334800,173395216.0
2025-04-14,5.09,5.61,5.08,5.39,1064576,590021934.0
2025-04-15,5.26,5.86,5.18,5.63,1157647,630940990.0
2025-04-16,5.4,5.53,5.2,5.36,779475,420106111.0
2025-04-17,5.24,5.38,5.19,5.28,475303,254773295.0
2025-04-18,5.28,5.43,5.23,5.31,508642,274641580.0
2025-04-21,5.25,5.43,5.25,5.32,500019,270168454.0
2025-04-22,5.25,5.41,5.24,5.37,480780,260116123.0
2025-04-23,5.43,5.44,5.17,5.22,461775,245378914.0
2025-04-24,5.2,5.29,5.17,5.19,280930,148031332.0
2025-04-25,5.16,5.24,5.12,5.15,222711,116616786.0
2025-04-28,5.24,5.36,5.18,5.21,407574,217239327.0
2025-04-29,5.17,5.27,5.12,5.26,235494,123964945.0
2025-04-30,5.26,5.35,5.23,5.27,248766,132958085.0
2025-05-06,5.29,5.41,5.29,5.38,310697,168488348.0
2025-05-07,5.4,5.45,5.32,5.37,285637,155143997.0
2025-05-08,5.34,5.44,5.3,5.42,308918,168328250.0
2025-05-09,5.4,5.42,5.32,5.34,195329,106015332.0
2025-05-12,5.36,5.44,5.3,5.39,192082,104267198.0
2025-05-13,5.81,5.94,5.69,5.94,1383847,818725532.0
2025-05-14,5.93,6.09,5.8,5.86,1282920,769302766.0
2025-05-15,5.82,5.84,5.62,5.63,690482,396707772.0
2025-05-16,5.65,5.69,5.54,5.58,429882,242661018.0
2025-05-19,5.56,5.61,5.56,5.6,316924,178831450.0
2025-05-20,5.58,5.62,5.52,5.58,282383,158820770.0
2025-05-21,5.59,5.61,5.5,5.54,227665,127361798.0
2025-05-22,5.49,5.56,5.42,5.44,241421,133538824.0
2025-05-23,5.45,5.46,5.36,5.37,216871,117326871.0
2025-05-26,5.35,5.4,5.32,5.4,143294,77037204.0
2025-05-27,5.39,5.43,5.35,5.41,139901,75549270.0
2025-05-28,5.41,5.44,5.37,5.38,144434,78007272.0
2025-05-29,5.27,5.39,5.22,5.36,274990,146000448.0
2025-05-30,5.36,5.6,5.31,5.5,559707,305308941.0
2025-06-03,5.44,5.47,5.36,5.42,307877,166496514.0
2025-06-04,5.43,5.5,5.38,5.49,262846,142964622.0
2025-06-05,5.48,5.53,5.41,5.42,185100,100876410.0
2025-06-06,5.41,5.44,5.36,5.38,133788,72165099.0
2025-06-09,5.43,5.49,5.37,5.45,167471,90994392.0
2025-06-10,5.43,5.45,5.33,5.37,162632,87593570.0
2025-06-11,5.37,5.42,5.37,5.4,100422,54254630.0
2025-06-12,5.41,5.44,5.35,5.36,131164,70681223.0
2025-06-13,5.37,5.38,5.23,5.25,202388,106872726.0
2025-06-16,5.22,5.27,5.2,5.22,137848,72194035.0
2025-06-17,5.22,5.26,5.21,5.25,99550,52070741.0
2025-06-18,5.24,5.25,5.19,5.2,95583,49815318.0
2025-06-19,5.19,5.21,5.06,5.08,113064,57995371.0
2025-06-20,5.08,5.14,5.08,5.12,78952,40362192.0
2025-06-23,5.05,5.16,5.03,5.15,104341,53363772.0
2025-06-24,5.14,5.21,5.13,5.21,89635,46576076.0
2025-06-25,5.24,5.28,5.21,5.27,124902,65481907.0
