2022-06-28,21.55,21.85,21.1,21.5,176682,392690462.0
2022-06-29,21.6,21.65,20.05,20.09,288056,615976449.0
2022-06-30,20.25,21.02,20.15,20.87,191057,411975993.0
2022-07-01,20.86,22.22,20.7,21.68,252088,563422446.0
2022-07-04,21.61,22.7,21.47,22.39,285774,656234924.0
2022-07-05,22.85,23.85,22.02,22.4,382217,901226800.0
2022-07-06,22.14,22.5,20.87,21.29,305473,681800119.0
2022-07-07,21.3,22.45,20.97,22.14,215847,490725597.0
2022-07-08,22.18,22.47,21.88,22.01,163771,374704482.0
2022-07-11,21.77,21.96,20.67,21.13,191170,416965940.0
2022-07-12,21.22,21.41,20.32,20.43,163030,349463707.0
2022-07-13,20.58,20.69,20.04,20.49,114384,241907787.0
2022-07-14,20.48,21.11,20.27,20.83,114621,246767567.0
2022-07-15,20.64,21.15,20.29,20.32,119482,256500939.0
2022-07-18,20.75,22.43,20.75,22.43,300294,688394430.0
2022-07-19,23.45,24.23,22.89,23.86,757847,1851268197.0
2022-07-20,24.15,24.15,23.05,23.91,346628,843694527.0
2022-07-21,24.06,24.4,23.42,24.05,337881,837208467.0
2022-07-22,24.15,24.25,23.09,23.29,225513,546873740.0
2022-07-25,23.25,24.56,23.18,24.17,393398,979434639.0
2022-07-26,24.11,25.71,24.07,24.75,446926,1150942630.0
2022-07-27,24.71,26.02,24.49,25.28,283278,740785632.0
2022-07-28,25.33,26.25,25.03,25.91,301923,802545299.0
2022-07-29,25.86,26.74,25.69,26.15,330909,891856516.0
2022-08-01,26.06,26.64,25.48,26.33,259750,699769060.0
2022-08-02,26.11,26.11,25.03,25.54,291079,764810903.0
2022-08-03,25.7,27.29,25.7,26.49,366362,999568113.0
2022-08-04,26.5,27.55,26.14,26.21,300344,828143024.0
2022-08-05,26.34,26.4,25.13,25.79,240536,635900293.0
2022-08-08,25.6,26.64,25.48,26.33,153030,412395214.0
2022-08-09,26.34,27.55,26.13,27.27,245853,683347661.0
2022-08-10,27.25,27.82,26.93,27.78,232355,655754617.0
2022-08-11,27.78,27.79,26.9,27.36,165958,465152341.0
2022-08-12,27.49,27.74,27.2,27.38,107089,302233951.0
2022-08-15,27.34,29.25,27.27,29.23,229795,676124260.0
2022-08-16,29.19,29.3,28.61,28.67,158919,470773109.0
2022-08-17,28.94,28.94,25.75,25.96,523271,1430078023.0
2022-08-18,25.96,26.95,25.86,26.62,256473,700119215.0
2022-08-19,26.44,26.85,25.04,25.26,338903,893745796.0
2022-08-22,25.31,26.63,25.08,26.63,255269,687667537.0
2022-08-23,26.56,28.03,26.4,27.6,265924,750689265.0
2022-08-24,27.61,27.7,25.95,26.27,213192,580903913.0
2022-08-25,26.26,26.41,25.38,25.66,187994,497658674.0
2022-08-26,25.75,28.3,25.75,27.64,412176,1175691908.0
2022-08-29,27.06,27.15,25.95,26.23,296501,808601022.0
2022-08-30,26.23,27.11,26.2,26.36,194272,529259188.0
2022-08-31,26.05,26.6,24.29,24.54,345730,892052408.0
2022-09-01,24.56,25.37,24.26,24.77,190236,487126304.0
2022-09-02,24.69,25.05,24.06,24.22,160937,404781230.0
2022-09-05,24.22,24.69,23.93,24.39,136104,341572094.0
2022-09-06,24.61,25.66,24.33,25.64,172856,447422828.0
2022-09-07,25.41,26.23,25.32,26.13,178110,475007579.0
2022-09-08,26.25,26.82,25.83,26.37,153909,418195949.0
2022-09-09,26.45,26.64,25.85,26.23,141673,380890367.0
2022-09-13,25.8,26.51,25.8,25.93,101436,271532302.0
2022-09-14,25.49,25.9,25.21,25.4,104008,272440373.0
2022-09-15,25.43,25.7,23.37,23.69,240960,597684443.0
2022-09-16,23.67,23.85,22.13,22.31,305701,716694993.0
2022-09-19,22.35,23.39,22.35,22.75,222964,527003270.0
2022-09-20,23.12,23.87,22.8,23.09,182721,437888502.0
2022-09-21,22.96,23.37,22.72,22.99,111547,265216057.0
2022-09-22,22.76,23.64,22.65,23.39,147877,355367397.0
2022-09-23,23.39,23.53,22.42,22.83,137276,324160469.0
2022-09-26,22.71,23.93,22.47,23.28,218232,526462452.0
2022-09-27,23.27,23.5,22.92,23.31,134953,322713014.0
2022-09-28,23.33,23.33,22.15,22.21,168397,390116766.0
2022-09-29,22.49,22.92,22.24,22.59,122999,287270957.0
2022-09-30,22.59,22.75,21.85,21.88,122389,280631285.0
2022-10-10,21.95,22.47,21.43,21.53,122543,277532729.0
2022-10-11,21.53,22.27,21.52,21.92,115093,261968411.0
2022-10-12,21.95,23.17,21.31,23.05,190062,438682843.0
2022-10-13,22.9,23.7,22.67,23.13,162019,389228057.0
2022-10-14,23.28,23.53,22.71,23.25,165696,396681265.0
2022-10-17,23.04,23.43,22.5,23.16,179900,425633617.0
2022-10-18,23.22,23.82,23.1,23.19,141397,340802789.0
2022-10-19,23.26,23.77,22.98,23.0,111588,268678207.0
2022-10-20,22.93,23.15,22.25,22.46,147540,343011572.0
2022-10-21,22.69,22.77,21.87,21.97,139004,318777217.0
2022-10-24,22.23,23.23,21.96,22.12,196541,458281583.0
2022-10-25,21.95,22.21,21.05,21.51,229018,507679868.0
2022-10-26,21.53,21.53,20.35,20.45,392914,845850514.0
2022-10-27,20.7,21.56,20.51,21.22,380922,837127938.0
2022-10-28,21.04,21.07,19.06,19.12,435689,887911862.0
2022-10-31,19.26,19.65,19.11,19.33,217098,436265396.0
2022-11-01,19.34,20.4,19.26,20.35,222588,460671124.0
2022-11-02,20.14,21.65,20.05,21.26,289438,627743048.0
2022-11-03,20.99,22.08,20.93,21.64,196470,441406104.0
2022-11-04,21.65,22.61,21.46,22.48,189152,436217750.0
2022-11-07,22.55,23.29,22.51,23.05,209874,497952682.0
2022-11-08,23.0,23.37,22.71,23.05,137292,325262007.0
2022-11-09,23.04,23.1,22.45,22.47,124484,291315229.0
2022-11-10,22.25,22.39,21.74,21.97,154534,351646218.0
2022-11-11,22.65,22.8,22.06,22.38,185190,428063487.0
2022-11-14,22.38,22.58,21.64,21.9,200178,455287963.0
2022-11-15,21.9,22.43,21.63,22.32,133412,305063135.0
2022-11-16,22.28,22.28,21.73,21.81,113472,256405213.0
2022-11-17,21.55,21.56,20.88,21.1,148134,323760685.0
2022-11-18,21.23,21.35,20.63,20.77,152902,330887018.0
2022-11-21,20.68,20.85,20.21,20.59,169081,358847824.0
2022-11-22,20.57,20.63,20.22,20.37,127146,268332661.0
2022-11-23,20.42,20.71,20.26,20.51,133795,284011904.0
2022-11-24,20.49,20.92,20.44,20.65,127365,272554630.0
2022-11-25,20.46,21.02,20.37,20.63,141627,304706177.0
2022-11-28,20.35,20.46,19.5,20.39,173152,360840888.0
2022-11-29,20.53,20.75,20.18,20.6,140781,298733125.0
2022-11-30,20.62,20.93,20.48,20.76,158558,339937547.0
2022-12-01,21.03,21.24,20.77,20.98,227454,495297556.0
2022-12-02,20.93,21.03,20.68,20.87,133421,288133239.0
2022-12-05,21.03,21.66,20.79,21.49,226885,500619881.0
2022-12-06,21.27,21.41,20.81,21.09,153646,334272570.0
2022-12-07,20.97,21.23,20.74,20.85,133054,288387489.0
2022-12-08,20.7,20.95,20.59,20.73,91515,197307604.0
2022-12-09,20.68,21.1,20.67,21.03,131242,284550819.0
2022-12-12,20.81,21.0,20.07,20.5,180966,382338950.0
2022-12-13,20.45,20.78,20.31,20.38,114041,242252155.0
2022-12-14,20.35,20.65,20.15,20.22,91321,192688005.0
2022-12-15,20.18,20.45,19.95,20.42,105688,221068636.0
2022-12-16,20.3,20.35,19.83,19.96,116436,241428232.0
2022-12-19,19.95,20.3,19.43,19.6,104429,214880166.0
2022-12-20,19.61,19.74,19.33,19.53,68718,139207279.0
2022-12-21,19.59,19.81,19.32,19.43,68780,139328350.0
2022-12-22,19.49,19.6,18.63,18.7,160092,316540700.0
2022-12-23,18.59,18.78,18.12,18.39,127195,243241725.0
2022-12-26,18.36,19.05,18.26,18.97,108691,212737647.0
2022-12-27,19.08,19.6,19.04,19.5,129371,259651622.0
2022-12-28,19.36,19.65,19.11,19.42,97700,196516981.0
2022-12-29,19.26,19.51,19.02,19.07,104382,208212101.0
2022-12-30,19.15,19.35,18.75,18.8,107140,211023123.0
2023-01-03,18.8,19.66,18.75,19.52,182477,364989769.0
2023-01-04,19.42,19.52,19.06,19.11,110679,220964627.0
2023-01-05,19.17,19.69,19.1,19.51,139110,281386528.0
2023-01-06,19.4,20.19,19.39,20.01,172183,357162613.0
2023-01-09,20.14,20.7,20.1,20.51,210432,446020782.0
2023-01-10,20.4,20.5,19.9,20.1,134466,280782274.0
2023-01-11,20.11,20.39,20.06,20.11,88797,186290352.0
2023-01-12,20.25,20.43,20.02,20.13,75004,157078816.0
2023-01-13,20.24,20.33,19.93,20.07,90521,188389439.0
2023-01-16,20.04,20.31,20.01,20.15,166138,348025118.0
2023-01-17,20.15,20.3,20.05,20.16,97250,203270556.0
2023-01-18,20.2,20.52,20.2,20.44,137897,291690283.0
2023-01-19,20.32,20.48,20.24,20.46,98313,207528915.0
2023-01-20,20.4,20.96,20.36,20.71,241584,518154793.0
2023-01-30,21.06,21.44,20.86,20.96,291680,636292104.0
2023-01-31,20.8,21.49,20.75,21.4,244292,536737897.0
2023-02-01,21.45,23.53,21.4,22.73,626695,1462740566.0
2023-02-02,22.65,23.17,22.55,22.69,403146,950782627.0
2023-02-03,22.67,24.18,22.1,23.78,533573,1270920461.0
2023-02-06,23.36,23.57,22.2,22.45,551595,1287419741.0
2023-02-07,22.59,23.28,22.18,23.08,399960,937821136.0
2023-02-08,22.87,23.21,22.57,22.6,249030,587084354.0
2023-02-09,22.86,23.31,22.86,23.06,299010,712288942.0
2023-02-10,22.95,23.03,22.39,22.61,223047,522312951.0
2023-02-13,22.65,23.11,22.35,22.76,232760,545601471.0
2023-02-14,22.77,23.35,22.6,23.03,256521,609720233.0
2023-02-15,22.5,22.88,22.27,22.41,262860,611690887.0
2023-02-16,22.41,22.46,21.24,21.52,355978,807291829.0
2023-02-17,21.63,22.19,21.61,21.79,167749,380269237.0
2023-02-20,21.79,22.1,21.53,22.02,182324,412294664.0
2023-02-21,22.13,23.35,21.93,22.85,350736,827285566.0
2023-02-22,22.77,23.07,22.6,22.75,152627,359605538.0
2023-02-23,22.76,23.03,22.59,22.76,159259,374835137.0
2023-02-24,22.75,22.76,22.02,22.3,187738,432135813.0
2023-02-27,22.03,22.39,21.9,22.15,113260,259250175.0
2023-02-28,22.16,22.3,21.75,22.11,159605,363168323.0
2023-03-01,22.05,22.28,21.93,22.04,234524,536546393.0
2023-03-02,21.85,21.85,21.09,21.57,322175,714248900.0
2023-03-03,21.47,21.5,21.17,21.35,195707,432313137.0
2023-03-06,21.38,21.4,20.29,20.77,360938,771257525.0
2023-03-07,20.66,20.79,20.41,20.44,168958,360573252.0
2023-03-08,20.28,20.43,20.15,20.3,185641,390203588.0
2023-03-09,20.44,20.5,19.85,19.85,221140,460354480.0
2023-03-10,19.74,19.98,19.63,19.65,143291,293863070.0
2023-03-13,19.65,19.82,19.35,19.77,187916,383138116.0
2023-03-14,19.75,20.06,19.45,19.59,203659,417267006.0
2023-03-15,19.65,19.9,19.62,19.75,133236,273386104.0
2023-03-16,19.56,19.61,19.05,19.13,186251,373242797.0
2023-03-17,19.25,19.45,19.15,19.19,120548,241435782.0
2023-03-20,19.25,19.44,19.05,19.33,148168,296663721.0
2023-03-21,19.37,19.58,19.25,19.58,146926,296627086.0
2023-03-22,19.59,19.79,19.48,19.63,122447,249478866.0
2023-03-23,19.58,19.68,19.41,19.67,98730,200532008.0
2023-03-24,19.75,20.05,19.62,20.0,186004,384549101.0
2023-03-27,20.0,20.08,19.73,19.91,118978,245131841.0
2023-03-28,19.87,19.88,19.45,19.45,105446,214931617.0
2023-03-29,19.46,19.69,19.32,19.44,90917,183944662.0
2023-03-30,19.45,19.65,19.08,19.61,148019,297820165.0
2023-03-31,19.6,19.84,19.52,19.63,92497,188890684.0
2023-04-03,19.55,20.05,19.42,19.96,154693,319078441.0
2023-04-04,19.88,19.95,19.17,19.21,238428,481847882.0
2023-04-06,19.22,19.37,19.07,19.28,136762,273392607.0
2023-04-07,19.24,19.49,19.17,19.38,79121,159264610.0
2023-04-10,19.33,19.52,19.2,19.39,111678,224380986.0
2023-04-11,19.39,19.71,19.23,19.68,134044,271184071.0
2023-04-12,19.6,19.88,19.47,19.68,145676,297637732.0
2023-04-13,19.72,20.44,19.72,19.91,277142,576953481.0
2023-04-14,19.92,20.25,19.75,20.15,243019,507189845.0
2023-04-17,20.17,20.41,19.95,20.34,204954,430259562.0
2023-04-18,20.34,20.6,20.14,20.28,213040,450193849.0
2023-04-19,20.29,20.5,19.93,19.94,181990,379806021.0
2023-04-20,19.85,19.92,19.49,19.59,147016,299293991.0
2023-04-21,19.59,19.78,19.1,19.11,171518,344789005.0
2023-04-24,19.24,19.4,18.84,18.91,158191,313657612.0
2023-04-25,18.96,19.07,18.15,18.36,177290,340700359.0
2023-04-26,18.3,18.83,18.25,18.62,121698,235735157.0
2023-04-27,18.64,18.74,18.41,18.64,90437,174954333.0
2023-04-28,18.66,18.86,18.62,18.79,111196,216548319.0
2023-05-04,18.85,19.02,18.7,18.78,105569,206909093.0
2023-05-05,18.77,18.86,18.25,18.47,93233,179196170.0
2023-05-08,18.47,18.73,18.46,18.5,149211,288020406.0
2023-05-09,18.54,19.11,18.31,18.58,185305,360117196.0
2023-05-10,18.43,18.86,18.42,18.69,95083,184470582.0
2023-05-11,18.69,18.78,18.55,18.59,71044,137831335.0
2023-05-12,18.61,18.67,18.3,18.4,89622,171610248.0
2023-05-15,18.65,19.33,18.58,19.31,236982,468111145.0
2023-05-16,19.42,19.42,19.06,19.15,132548,264261325.0
2023-05-17,19.17,19.29,18.93,19.04,91617,181496204.0
2023-05-18,19.04,19.12,18.75,18.88,82349,161682053.0
2023-05-19,18.54,18.54,17.26,17.98,238963,445143855.0
2023-05-22,18.15,18.63,18.05,18.4,135612,258737592.0
2023-05-23,18.54,18.55,18.26,18.28,72812,139128983.0
2023-05-24,18.25,18.45,18.09,18.22,72832,138604999.0
2023-05-25,18.22,18.27,17.87,18.07,86268,162021436.0
2023-05-26,18.0,18.11,17.83,18.09,52369,98012806.0
2023-05-29,18.15,18.21,17.44,17.66,131410,242194859.0
2023-05-30,17.68,17.74,17.35,17.61,81367,148783252.0
2023-05-31,17.54,17.64,17.3,17.31,98387,178199438.0
2023-06-01,17.31,17.82,17.3,17.64,107967,198533320.0
2023-06-02,17.76,18.22,17.76,18.19,127824,240701249.0
2023-06-05,18.24,18.26,18.02,18.13,65406,123445921.0
2023-06-06,18.11,18.15,17.86,17.95,55156,103483824.0
2023-06-07,17.81,18.05,17.77,17.8,42684,79501939.0
2023-06-08,17.76,17.99,17.65,17.85,61597,114405153.0
2023-06-09,17.91,17.98,17.76,17.9,72147,134360005.0
2023-06-12,17.86,18.23,17.71,18.14,84518,158598390.0
2023-06-13,18.07,18.25,18.02,18.16,61408,115935455.0
2023-06-14,18.24,18.42,18.16,18.36,88106,168020719.0
2023-06-15,18.36,18.61,18.22,18.6,100931,193992213.0
2023-06-16,18.61,18.63,18.49,18.59,81338,157065289.0
2023-06-19,18.54,18.55,18.2,18.25,88397,168592743.0
2023-06-20,18.25,18.43,18.17,18.33,68183,129974038.0
2023-06-21,18.31,18.48,18.07,18.07,63854,121019991.0
2023-06-26,18.09,18.38,18.01,18.08,70246,132741211.0
2023-06-27,18.15,18.39,18.03,18.34,64238,122032029.0
2023-06-28,18.34,18.35,17.88,18.24,69292,130506187.0
2023-06-29,18.24,18.59,18.21,18.43,86028,161799060.0
2023-06-30,18.5,18.69,18.4,18.63,89611,170284323.0
2023-07-03,18.65,18.85,18.6,18.62,112046,213618286.0
2023-07-04,18.86,19.09,18.6,18.64,137978,264220271.0
2023-07-05,18.59,19.75,18.44,19.49,530424,1041628206.0
2023-07-06,19.37,19.37,18.85,18.95,267957,519897480.0
2023-07-07,18.79,18.97,18.68,18.83,135380,260161003.0
2023-07-10,18.89,19.07,18.66,18.72,124305,238992022.0
2023-07-11,18.76,18.82,18.51,18.77,85711,163353630.0
2023-07-12,18.77,18.9,18.66,18.75,96186,184417666.0
2023-07-13,18.81,19.02,18.61,18.98,119911,231283402.0
2023-07-14,18.99,18.99,18.71,18.74,100675,193390284.0
2023-07-17,18.61,18.64,18.14,18.23,150636,282270844.0
2023-07-18,18.26,18.3,18.0,18.18,95698,177479553.0
2023-07-19,18.18,18.23,17.95,18.1,73837,136318060.0
2023-07-20,18.1,18.26,18.01,18.09,69341,128616572.0
2023-07-21,18.08,18.23,17.97,18.06,53600,99012676.0
2023-07-24,18.05,18.08,17.91,17.97,63196,116126802.0
2023-07-25,18.07,18.29,18.07,18.28,96032,178762756.0
2023-07-26,18.29,18.34,18.1,18.21,60824,113116007.0
2023-07-27,18.22,18.35,18.1,18.13,60468,112725290.0
2023-07-28,18.05,18.37,17.95,18.32,96418,179586549.0
2023-07-31,18.37,18.89,18.32,18.66,182673,348187598.0
2023-08-01,18.66,18.81,18.55,18.7,92657,176644413.0
2023-08-02,18.6,18.79,18.59,18.67,74951,143156603.0
2023-08-03,18.6,18.79,18.59,18.75,78302,149671010.0
2023-08-04,18.83,18.93,18.67,18.68,101758,195045445.0
2023-08-07,18.67,18.93,18.62,18.78,99667,191147419.0
2023-08-08,18.7,18.99,18.55,18.88,102892,197102639.0
2023-08-09,18.78,18.83,18.66,18.69,59247,113325117.0
2023-08-10,18.63,18.77,18.62,18.65,49028,93511946.0
2023-08-11,18.64,18.7,18.32,18.32,63510,119752564.0
2023-08-14,18.2,18.2,17.78,17.95,118268,216546015.0
2023-08-15,17.86,18.02,17.67,17.74,69504,126330814.0
2023-08-16,17.66,17.82,17.53,17.58,66558,120245945.0
2023-08-17,17.52,17.7,17.34,17.68,63647,114122998.0
2023-08-18,17.69,17.71,17.37,17.4,61159,109560680.0
2023-08-21,17.31,17.45,17.19,17.24,67623,119792404.0
2023-08-22,17.22,17.38,16.98,17.24,65142,114480475.0
2023-08-23,17.16,17.2,16.85,16.89,52882,91801633.0
2023-08-24,16.96,17.03,16.65,16.8,59408,102546766.0
2023-08-25,16.78,16.93,16.61,16.66,55517,95175475.0
2023-08-28,17.52,17.52,16.79,16.81,107087,187621791.0
2023-08-29,16.88,17.36,16.78,17.25,90508,158959371.0
2023-08-30,17.35,17.39,17.05,17.14,85850,151147723.0
2023-08-31,17.16,17.26,16.91,16.95,48030,83669698.0
2023-09-01,17.02,17.25,17.01,17.15,57119,100178458.0
2023-09-04,17.33,17.8,17.28,17.7,158987,286412445.0
2023-09-05,17.6,17.6,17.34,17.5,83022,148163177.0
2023-09-06,17.45,17.55,17.26,17.47,55333,98372495.0
2023-09-07,17.38,17.42,17.21,17.22,56277,99485787.0
2023-09-08,17.18,17.4,17.15,17.24,41232,72872662.0
2023-09-11,17.24,17.54,17.2,17.42,49301,87740790.0
2023-09-12,17.39,17.6,17.36,17.41,55797,99616758.0
2023-09-13,17.55,17.57,17.09,17.25,69942,123667607.0
2023-09-14,17.18,17.24,17.03,17.12,63032,110339944.0
2023-09-15,17.19,17.28,17.06,17.2,56776,99681066.0
2023-09-18,17.15,17.37,16.99,17.28,69643,122969894.0
2023-09-19,17.26,17.26,16.81,16.88,95659,165975824.0
2023-09-20,16.85,16.92,16.8,16.8,30349,52349951.0
2023-09-21,16.75,16.93,16.7,16.78,44633,76942147.0
2023-09-22,16.7,17.02,16.7,17.01,52851,91255841.0
2023-09-25,17.05,17.1,16.84,16.86,62046,107474142.0
2023-09-26,16.83,16.9,16.71,16.73,38386,65871657.0
2023-09-27,16.74,16.91,16.67,16.74,65942,113164685.0
2023-09-28,16.76,16.87,16.73,16.75,51834,88987821.0
2023-10-09,16.77,16.78,16.61,16.65,56977,97217740.0
2023-10-10,16.65,16.85,16.61,16.62,51245,87605994.0
2023-10-11,16.69,16.73,16.36,16.52,72183,122460538.0
2023-10-12,16.65,17.0,16.57,16.88,112474,193825701.0
2023-10-13,16.8,16.83,16.64,16.74,50913,87137773.0
2023-10-16,16.79,16.85,16.43,16.52,58965,99892794.0
2023-10-17,16.58,16.6,16.46,16.47,52034,88015817.0
2023-10-18,16.48,16.5,16.1,16.5,75989,126249487.0
2023-10-19,16.28,16.41,16.1,16.2,52206,86957933.0
2023-10-20,16.1,16.43,16.07,16.22,52591,87461185.0
2023-10-23,16.06,16.1,15.57,15.59,71168,114873135.0
2023-10-24,15.61,16.3,15.57,15.98,90068,146249673.0
2023-10-25,15.96,16.09,15.94,15.98,61268,100548324.0
2023-10-26,15.87,16.05,15.76,16.01,54336,88464837.0
2023-10-27,15.92,16.44,15.87,16.34,101784,169262039.0
2023-10-30,16.27,16.56,16.22,16.51,74810,126199370.0
2023-10-31,16.49,16.69,16.41,16.55,59050,99951709.0
2023-11-01,16.58,16.75,16.51,16.71,85465,145851444.0
2023-11-02,16.74,16.94,16.52,16.57,75037,128428947.0
2023-11-03,16.52,16.87,16.52,16.66,70434,120427505.0
2023-11-06,16.88,17.02,16.75,16.87,119722,206839190.0
2023-11-07,16.88,17.13,16.71,17.05,125468,217444405.0
2023-11-08,16.92,17.19,16.89,17.01,103029,179928134.0
2023-11-09,16.96,17.28,16.91,17.13,84750,148512316.0
2023-11-10,17.08,17.08,16.9,16.93,51892,90105627.0
2023-11-13,16.93,17.03,16.8,16.97,43476,75309692.0
2023-11-14,16.95,17.04,16.86,16.92,46992,81542736.0
2023-11-15,17.07,17.43,17.02,17.3,126549,222863590.0
2023-11-16,17.35,17.39,17.05,17.05,60213,105672199.0
2023-11-17,17.0,17.2,16.96,17.17,47756,83665509.0
2023-11-20,17.18,17.3,17.0,17.2,59293,104135769.0
2023-11-21,17.2,17.3,17.12,17.12,53536,94304092.0
2023-11-22,17.06,17.2,16.95,16.95,50173,87457529.0
2023-11-23,16.94,17.13,16.86,17.11,50084,87296942.0
2023-11-24,17.15,17.15,16.79,16.84,47064,81401325.0
2023-11-27,16.8,16.9,16.59,16.81,55840,95530738.0
2023-11-28,16.77,16.89,16.62,16.86,40583,69626727.0
2023-11-29,16.87,17.02,16.83,16.87,37445,64962028.0
2023-11-30,16.83,16.9,16.64,16.79,38365,65834796.0
2023-12-01,16.75,16.8,16.55,16.72,39554,67461780.0
2023-12-04,16.7,16.92,16.7,16.72,52637,90590942.0
2023-12-05,16.68,16.76,16.43,16.44,55416,94240494.0
2023-12-06,16.35,16.91,16.35,16.7,69638,119621344.0
2023-12-07,16.7,16.75,16.48,16.69,53170,90366691.0
2023-12-08,16.7,16.77,16.58,16.6,62931,107301034.0
2023-12-11,16.5,16.79,16.32,16.72,74760,126553145.0
2023-12-12,16.67,16.72,16.55,16.62,43405,73872157.0
2023-12-13,16.7,16.7,16.44,16.45,37500,63475216.0
2023-12-14,16.54,16.62,16.32,16.32,40249,67811686.0
2023-12-15,16.4,16.54,16.29,16.38,77511,130152649.0
2023-12-18,16.3,16.34,15.99,16.02,46108,76169701.0
2023-12-19,16.02,16.12,15.8,15.92,39513,64483456.0
2023-12-20,15.94,16.0,15.84,15.86,35540,58056369.0
2023-12-21,15.9,16.06,15.73,16.01,46337,75636551.0
2023-12-22,16.02,16.3,15.82,16.2,57292,94551652.0
2023-12-25,16.15,16.4,16.11,16.34,41189,68814427.0
2023-12-26,16.34,16.4,16.26,16.31,32740,54749580.0
2023-12-27,16.3,16.44,16.11,16.36,41414,69163846.0
2023-12-28,16.39,16.81,16.34,16.73,85825,146321393.0
2023-12-29,16.72,16.88,16.66,16.78,64192,110469436.0
2024-01-02,16.85,16.94,16.75,16.84,54864,94733771.0
2024-01-03,16.81,16.93,16.76,16.89,45663,78830949.0
2024-01-04,16.84,16.88,16.6,16.75,43528,74482439.0
2024-01-05,16.64,16.86,16.47,16.55,47985,81878421.0
2024-01-08,16.52,16.65,16.21,16.24,58869,98975633.0
2024-01-09,16.23,16.34,16.09,16.26,47084,78279537.0
2024-01-10,16.24,16.6,16.13,16.42,64626,108836807.0
2024-01-11,16.43,16.75,16.28,16.64,64479,109258447.0
2024-01-12,16.61,16.77,16.57,16.59,41271,70409934.0
2024-01-15,16.59,16.67,16.41,16.5,41042,69535877.0
2024-01-16,16.44,16.59,16.2,16.4,55105,92434663.0
2024-01-17,16.59,16.73,16.31,16.33,99288,168551156.0
2024-01-18,16.15,16.28,15.76,16.12,91896,150615060.0
2024-01-19,16.1,16.4,16.01,16.19,70215,116719815.0
2024-01-22,16.12,16.28,15.36,15.51,82523,133690123.0
2024-01-23,15.5,15.71,15.11,15.65,72039,114366154.0
2024-01-24,15.72,15.84,15.26,15.81,61699,98914902.0
2024-01-25,15.8,16.25,15.71,16.16,67030,110221812.0
2024-01-26,16.1,16.42,16.05,16.12,76152,126503513.0
2024-01-29,16.12,16.31,15.9,15.95,60752,100114941.0
2024-01-30,15.84,16.01,15.48,15.5,52187,84430072.0
2024-01-31,15.46,15.57,14.82,14.85,101140,156897587.0
2024-02-01,14.8,15.09,14.57,14.78,88793,135189757.0
2024-02-02,14.74,14.94,13.45,14.26,208741,302284891.0
2024-02-05,13.83,14.15,13.1,13.66,190097,267031376.0
2024-02-06,13.64,15.05,13.41,14.97,195298,288910207.0
2024-02-07,15.01,16.26,15.0,16.24,260816,424805822.0
2024-02-08,16.33,16.72,16.05,16.07,238760,401628961.0
2024-02-19,16.27,16.31,15.55,15.77,200346,325814906.0
2024-02-20,15.81,15.84,15.45,15.62,119063,190349389.0
2024-02-21,15.55,16.12,15.51,15.74,145981,237078226.0
2024-02-22,15.65,15.84,15.6,15.82,100826,162681217.0
2024-02-23,15.81,15.87,15.66,15.85,99627,161114467.0
2024-02-26,15.86,16.02,15.71,15.75,99528,161470433.0
2024-02-27,15.71,16.01,15.66,16.01,99297,161605028.0
2024-02-28,16.07,16.63,15.86,15.88,166141,277113321.0
2024-02-29,15.81,16.4,15.76,16.38,129511,215042157.0
2024-03-01,16.41,16.54,16.3,16.5,108549,182815393.0
2024-03-04,16.53,16.68,16.27,16.38,96467,162503324.0
2024-03-05,16.34,16.71,16.21,16.27,141981,238732567.0
2024-03-06,16.2,16.52,16.0,16.31,99758,166252863.0
2024-03-07,16.4,17.3,16.3,16.73,298186,515032743.0
2024-03-08,16.88,17.07,16.73,16.99,179248,310645784.0
2024-03-11,17.11,17.47,16.97,17.2,164258,288536982.0
2024-03-12,17.2,17.25,16.85,16.94,135143,234673644.0
2024-03-13,16.92,17.52,16.84,17.23,195716,344531659.0
2024-03-14,17.41,17.55,17.19,17.36,168559,299910778.0
2024-03-15,17.22,18.65,17.21,18.61,509466,944331006.0
2024-03-18,18.64,18.99,18.42,18.88,371079,709488829.0
2024-03-19,18.83,19.78,18.75,19.45,390235,774702188.0
2024-03-20,19.31,19.43,19.07,19.14,214465,420650701.0
2024-03-21,19.38,19.48,19.1,19.41,190151,374839862.0
2024-03-22,19.37,19.42,18.65,18.69,201798,388769355.0
2024-03-25,18.65,19.58,18.65,19.22,283634,558686983.0
2024-03-26,19.21,19.28,18.9,19.18,133701,260857682.0
2024-03-27,19.27,19.4,18.76,18.77,137621,268342442.0
2024-03-28,18.65,19.25,18.65,19.04,153046,297873517.0
2024-03-29,19.2,19.35,18.94,19.11,127392,248706616.0
2024-04-01,19.3,19.75,19.09,19.28,258835,513303901.0
2024-04-02,19.24,20.22,19.16,20.1,418338,842789713.0
2024-04-03,20.11,21.75,19.98,21.15,601986,1284613597.0
2024-04-08,21.39,21.68,20.28,20.48,507167,1082872064.0
2024-04-09,20.2,21.16,20.05,20.75,299691,628391204.0
2024-04-10,20.62,21.05,20.28,20.53,241821,506843850.0
2024-04-11,20.14,21.7,19.94,21.05,444290,953146698.0
2024-04-12,20.94,21.42,20.52,20.9,250164,535194360.0
2024-04-15,20.55,20.94,20.05,20.6,312300,651374869.0
2024-04-16,20.59,20.79,19.7,19.82,269635,555473599.0
2024-04-17,19.95,20.49,19.81,20.45,212646,437181318.0
2024-04-18,20.2,20.85,20.06,20.69,215587,450530039.0
2024-04-19,20.3,20.6,19.2,19.51,496634,996419754.0
2024-04-22,19.41,19.92,18.85,18.87,316464,621370099.0
2024-04-23,18.54,18.87,17.89,18.08,308163,573212534.0
2024-04-24,18.05,18.62,17.93,18.57,206493,386469387.0
2024-04-25,18.5,18.9,18.28,18.62,168504,320292488.0
2024-04-26,18.57,19.22,18.41,19.16,218776,422744693.0
2024-04-29,19.26,19.26,18.81,18.99,267451,518627630.0
2024-04-30,19.1,19.24,18.77,18.77,188120,363642687.0
2024-05-06,18.95,19.77,18.6,19.5,353043,695023254.0
2024-05-07,19.78,19.85,19.31,19.45,273966,546304452.0
2024-05-08,19.3,19.35,18.76,18.93,244582,472955601.0
2024-05-09,18.92,20.08,18.92,19.71,364932,731976328.0
2024-05-10,19.84,19.99,19.26,19.8,262020,523514761.0
2024-05-13,19.8,19.98,19.34,19.76,267188,537926651.0
2024-05-14,19.91,20.1,19.31,19.37,307311,611063621.0
2024-05-15,19.38,19.69,19.23,19.33,241993,479970937.0
2024-05-16,19.45,19.59,18.8,18.9,239038,466577170.0
2024-05-17,18.87,19.19,18.68,19.16,159419,308007023.0
2024-05-20,19.5,20.36,19.4,20.11,432747,877754285.0
2024-05-21,20.05,20.11,19.16,19.25,327487,650235892.0
2024-05-22,19.23,19.63,19.19,19.28,200599,397623350.0
2024-05-23,19.0,19.0,18.62,18.69,220883,422884363.0
2024-05-24,18.66,18.8,18.48,18.48,134175,254984288.0
2024-05-27,18.55,18.85,18.54,18.84,117668,224839305.0
2024-05-28,18.84,19.55,18.76,18.97,227093,444006431.0
2024-05-29,18.91,19.9,18.81,19.59,402780,804689740.0
2024-05-30,19.51,19.58,18.81,18.88,280829,548232610.0
2024-05-31,18.89,18.98,18.58,18.63,189300,361501434.0
2024-06-03,18.56,18.6,18.2,18.32,154526,289837736.0
2024-06-04,18.31,18.66,18.19,18.61,148909,280063764.0
2024-06-05,18.45,18.57,18.23,18.38,103067,194141823.0
2024-06-06,18.49,18.68,18.13,18.21,151637,284619332.0
2024-06-07,18.46,18.46,18.02,18.27,135019,245424079.0
2024-06-11,18.01,18.02,17.68,17.85,154305,275023435.0
2024-06-12,17.83,18.29,17.81,18.23,103442,187110094.0
2024-06-13,18.18,18.18,17.71,17.87,115360,206068787.0
2024-06-14,17.8,18.19,17.67,18.14,124798,224310362.0
2024-06-17,18.02,18.29,17.9,17.91,95836,173175663.0
2024-06-18,17.99,18.22,17.9,17.98,94730,171097084.0
2024-06-19,17.97,18.31,17.96,18.13,106669,193532668.0
2024-06-20,18.11,18.25,17.99,18.02,99922,180680060.0
2024-06-21,17.94,18.16,17.84,17.85,84558,151950910.0
2024-06-24,17.6,17.62,17.25,17.39,120201,209581069.0
2024-06-25,17.35,17.64,17.31,17.46,69697,121790236.0
2024-06-26,17.39,17.62,17.06,17.54,106866,185045496.0
2024-06-27,17.4,17.5,17.06,17.08,81650,140581972.0
2024-06-28,17.06,17.49,17.06,17.25,88585,153100329.0
2024-07-01,17.75,17.85,17.29,17.54,139317,243769989.0
2024-07-02,17.45,17.45,16.97,17.02,164036,281225805.0
2024-07-03,16.98,17.06,16.84,16.95,92292,156504444.0
2024-07-04,17.01,17.15,16.68,16.71,79755,134801631.0
2024-07-05,16.73,17.04,16.59,16.97,104451,175396435.0
2024-07-08,16.96,17.05,16.57,16.61,106747,178777771.0
2024-07-09,16.64,17.01,16.34,16.88,137746,230026290.0
2024-07-10,16.8,17.08,16.64,16.68,98213,165816488.0
2024-07-11,16.99,17.39,16.92,17.32,141078,242753128.0
2024-07-12,17.43,17.44,16.86,16.96,137455,234536859.0
2024-07-15,16.81,17.06,16.72,16.91,72010,121874620.0
2024-07-16,17.48,17.55,17.3,17.52,243740,425392062.0
2024-07-17,17.5,17.7,17.15,17.15,158760,274639926.0
2024-07-18,17.11,17.2,16.79,17.15,125349,213035220.0
2024-07-19,17.02,17.15,16.7,16.98,115427,195601319.0
2024-07-22,16.94,17.02,16.77,16.9,134185,226179687.0
2024-07-23,16.9,16.9,16.13,16.14,176928,290842930.0
2024-07-24,16.09,16.24,15.97,16.04,105135,169240491.0
2024-07-25,15.95,16.17,15.88,15.93,79591,127086891.0
2024-07-26,15.97,16.55,15.94,16.44,130172,213099530.0
2024-07-29,16.31,16.47,16.25,16.32,67926,111100540.0
2024-07-30,16.3,16.34,15.98,16.2,79644,128500629.0
2024-07-31,16.25,17.02,16.21,17.0,158134,264507752.0
2024-08-01,17.2,17.26,16.82,16.96,102848,174852863.0
2024-08-02,16.82,17.0,16.67,16.71,73813,124114409.0
2024-08-05,16.61,16.94,16.36,16.39,117693,196000306.0
2024-08-06,16.5,16.61,16.24,16.48,102515,168367131.0
2024-08-07,16.51,16.76,16.34,16.59,94674,156847990.0
2024-08-08,16.49,16.57,16.26,16.46,66646,109508997.0
2024-08-09,16.59,16.77,16.45,16.47,90074,149832206.0
2024-08-12,16.41,16.52,16.29,16.38,60874,99696202.0
2024-08-13,16.49,16.53,16.21,16.43,67223,109830023.0
2024-08-14,16.36,16.4,16.1,16.12,75974,122933976.0
2024-08-15,16.04,16.46,16.02,16.25,79761,129729155.0
2024-08-16,16.38,16.45,16.19,16.25,85475,139087713.0
2024-08-19,16.27,16.7,16.23,16.5,124073,205268208.0
2024-08-20,16.45,16.57,16.05,16.14,105759,171656447.0
2024-08-21,16.15,16.3,15.98,16.25,84711,137135335.0
2024-08-22,16.26,16.3,15.9,15.96,95871,153721458.0
2024-08-23,16.29,16.47,15.95,16.31,161503,263268738.0
2024-08-26,16.45,16.79,16.39,16.65,181430,301993126.0
2024-08-27,16.47,16.61,16.31,16.54,105048,173223949.0
2024-08-28,16.54,16.8,16.47,16.52,108616,180224679.0
2024-08-29,16.43,16.87,16.3,16.79,138062,230535657.0
2024-08-30,16.74,17.23,16.66,17.0,197874,336795913.0
2024-09-02,16.98,17.02,16.83,16.85,112037,189455254.0
2024-09-03,16.77,17.19,16.76,17.02,115980,197685862.0
2024-09-04,16.88,17.11,16.72,16.89,85269,144404856.0
2024-09-05,16.96,17.16,16.75,16.88,83113,140302983.0
2024-09-06,16.85,16.93,16.57,16.61,71872,120139024.0
2024-09-09,16.51,16.62,16.4,16.5,77515,127934287.0
2024-09-10,16.55,16.64,16.25,16.57,87273,143737120.0
2024-09-11,16.47,16.86,16.42,16.78,94864,158747640.0
2024-09-12,16.79,17.0,16.7,16.73,70357,118265044.0
2024-09-13,16.78,16.85,16.56,16.57,70455,117632568.0
2024-09-18,16.57,16.98,16.55,16.91,110509,185435204.0
2024-09-19,16.97,17.47,16.77,17.46,189619,327124979.0
2024-09-20,17.45,17.78,17.34,17.59,156177,274640297.0
2024-09-23,17.54,17.74,17.48,17.55,93562,164687935.0
2024-09-24,17.66,17.97,17.52,17.9,182982,325739960.0
2024-09-25,18.19,18.28,17.72,17.74,230904,416481660.0
2024-09-26,17.7,18.39,17.68,18.39,187749,339143358.0
2024-09-27,18.7,19.27,18.68,19.13,203109,385681632.0
2024-09-30,19.9,21.04,19.77,20.92,487000,997156992.0
2024-10-08,23.0,23.01,20.51,21.51,679746,1481573466.0
2024-10-09,21.1,21.11,19.67,19.72,428731,868353532.0
2024-10-10,19.88,20.65,19.61,20.1,292585,590004472.0
2024-10-11,20.1,20.19,19.28,19.51,201894,397218510.0
2024-10-14,19.54,19.94,19.41,19.8,168599,332013054.0
2024-10-15,19.7,19.82,19.19,19.2,168537,328283107.0
2024-10-16,19.18,19.41,18.98,19.2,157124,301579808.0
2024-10-17,19.25,19.38,18.78,18.79,144732,275706231.0
2024-10-18,18.73,19.56,18.72,19.16,225503,430908843.0
2024-10-21,19.31,19.71,19.13,19.41,244007,474203710.0
2024-10-22,19.5,19.83,19.3,19.68,203036,397621836.0
2024-10-23,19.7,19.98,19.5,19.85,213808,422979395.0
2024-10-24,19.78,19.8,19.42,19.61,142629,279032940.0
2024-10-25,19.57,20.5,19.52,20.1,311125,621248977.0
2024-10-28,19.95,20.21,19.84,20.0,328194,655940040.0
2024-10-29,20.05,20.08,19.5,19.56,264354,520786494.0
2024-10-30,19.5,19.68,19.22,19.39,180325,350348636.0
2024-10-31,19.43,19.86,19.24,19.44,236840,463317476.0
2024-11-01,19.5,21.38,19.45,21.19,1270163,2668604056.0
2024-11-04,21.4,21.41,20.17,20.42,946014,1935066074.0
2024-11-05,20.18,21.37,20.13,21.08,775325,1613589279.0
2024-11-06,21.16,21.93,20.96,21.52,867876,1860785915.0
2024-11-07,21.41,22.2,21.2,21.78,663303,1440465460.0
2024-11-08,21.86,22.5,21.65,21.7,723079,1593270509.0
2024-11-11,21.65,22.97,21.56,22.9,691797,1548728047.0
2024-11-12,22.8,23.48,21.97,22.25,648322,1471965775.0
2024-11-13,22.08,22.67,21.85,22.13,397945,882020753.0
2024-11-14,22.05,22.05,21.3,21.36,339751,733483039.0
2024-11-15,21.19,21.41,20.78,20.83,228473,481210174.0
2024-11-18,20.91,21.07,20.43,20.59,223078,462248051.0
2024-11-19,20.66,21.23,20.57,21.13,207862,433814153.0
2024-11-20,20.98,21.33,20.97,21.26,194436,412114766.0
2024-11-21,21.45,22.06,21.32,21.58,319945,693503118.0
2024-11-22,21.5,21.69,21.03,21.05,303170,646393745.0
2024-11-25,21.08,21.5,20.41,20.76,260950,545498303.0
2024-11-26,20.66,20.79,20.35,20.37,145081,297687702.0
2024-11-27,20.3,20.49,19.84,20.49,185957,374977693.0
2024-11-28,20.46,20.46,20.08,20.1,148094,299772301.0
2024-11-29,20.1,21.13,20.01,20.75,355469,732055606.0
2024-12-02,20.4,20.85,20.25,20.81,222246,459044646.0
2024-12-03,20.85,20.92,20.51,20.67,158873,328866743.0
2024-12-04,20.93,21.1,20.55,20.63,208007,432115672.0
2024-12-05,20.58,20.58,20.23,20.43,136140,277462138.0
2024-12-06,20.38,20.66,20.21,20.54,149567,305842453.0
2024-12-09,21.0,21.48,20.75,20.85,296528,625998706.0
2024-12-10,21.55,21.55,20.74,20.78,243827,514618186.0
2024-12-11,20.69,21.2,20.67,21.1,174623,366391254.0
2024-12-12,21.13,21.25,20.98,21.18,150991,319130210.0
2024-12-13,20.95,20.99,20.51,20.54,210185,434682131.0
2024-12-16,20.56,20.61,20.16,20.28,127703,259599145.0
2024-12-17,20.2,20.42,20.16,20.21,103221,209326884.0
2024-12-18,20.37,20.38,19.76,19.84,189758,380110088.0
2024-12-19,19.48,19.96,19.43,19.84,141008,277773228.0
2024-12-20,19.84,20.4,19.83,20.02,152049,306630337.0
2024-12-23,20.08,20.27,19.83,19.86,95136,190543018.0
2024-12-24,19.85,20.12,19.85,20.08,88268,176579335.0
2024-12-25,20.1,20.1,19.71,19.8,80650,159933829.0
2024-12-26,19.8,19.94,19.78,19.8,65596,130272386.0
2024-12-27,19.79,20.0,19.7,19.77,87229,173075527.0
2024-12-30,19.75,19.83,19.6,19.72,103730,204257640.0
2024-12-31,19.71,19.79,19.2,19.27,130656,253735617.0
2025-01-02,19.2,19.42,18.71,18.88,117015,222558490.0
2025-01-03,18.89,19.47,18.85,18.91,134379,257187295.0
2025-01-06,18.91,19.37,18.78,19.06,115974,221291762.0
2025-01-07,19.06,19.47,18.81,19.26,125721,241436226.0
2025-01-08,19.27,19.27,18.43,18.89,184814,347264840.0
2025-01-09,18.97,19.4,18.77,19.23,135934,260921452.0
2025-01-10,19.33,19.42,18.94,18.97,90640,173193019.0
2025-01-13,18.81,19.32,18.78,19.2,111578,213828189.0
2025-01-14,19.18,19.88,19.05,19.8,190053,372675369.0
2025-01-15,19.8,19.94,19.58,19.73,93150,183471094.0
2025-01-16,19.79,20.05,19.64,19.83,116011,230252889.0
2025-01-17,19.8,19.97,19.75,19.82,96655,192045890.0
2025-01-20,20.0,20.0,19.69,19.7,109921,217458018.0
2025-01-21,19.82,19.83,19.45,19.72,68248,134029367.0
2025-01-22,19.59,19.71,19.38,19.49,85381,166671259.0
2025-01-23,19.69,19.83,19.31,19.31,137322,268861931.0
2025-01-24,19.29,19.5,19.25,19.45,94602,183691089.0
2025-01-27,19.45,19.59,19.32,19.44,90358,175918035.0
2025-02-05,19.95,19.97,19.5,19.61,184290,363519505.0
2025-02-06,19.66,20.27,19.63,20.25,244003,488165250.0
2025-02-07,20.15,20.34,20.01,20.19,222607,449238800.0
2025-02-10,20.19,20.24,20.02,20.09,153701,308883235.0
2025-02-11,20.06,20.17,19.85,19.92,162673,325558944.0
2025-02-12,19.84,19.94,19.68,19.92,126712,250881478.0
2025-02-13,19.9,20.04,19.66,19.66,123532,244419283.0
2025-02-14,19.65,19.94,19.63,19.85,112043,221746615.0
2025-02-17,19.77,19.77,19.39,19.47,186487,364004491.0
2025-02-18,19.51,19.52,19.17,19.22,122946,238096869.0
2025-02-19,19.25,19.66,19.2,19.63,157632,306431106.0
2025-02-20,19.69,20.03,19.64,19.72,188157,373547245.0
2025-02-21,19.76,19.91,19.67,19.86,152685,302652094.0
2025-02-24,19.9,20.08,19.68,19.72,152543,302740798.0
2025-02-25,19.62,19.76,19.49,19.51,119508,234375442.0
2025-02-26,19.52,19.79,19.51,19.75,139060,273683593.0
2025-02-27,19.8,19.89,19.36,19.56,156492,306492181.0
2025-02-28,19.57,19.58,19.16,19.21,153311,296593964.0
2025-03-03,19.32,20.0,19.32,19.74,336764,666242083.0
2025-03-04,19.7,19.8,19.51,19.68,147041,289387285.0
2025-03-05,19.69,19.73,19.21,19.45,186318,360545486.0
2025-03-06,19.46,19.85,19.46,19.76,201000,394723070.0
2025-03-07,19.76,20.49,19.71,20.18,449577,909297350.0
2025-03-10,20.63,20.69,20.22,20.49,359711,736393230.0
2025-03-11,20.25,21.05,20.2,21.0,396191,821323876.0
2025-03-12,21.05,21.09,20.58,20.71,264032,548213939.0
2025-03-13,20.82,20.91,20.42,20.6,220204,453496425.0
2025-03-14,20.98,21.19,20.62,20.84,373980,780055968.0
2025-03-17,20.83,20.9,20.44,20.47,237250,488286773.0
2025-03-18,20.54,20.78,20.48,20.53,202903,418109067.0
2025-03-19,20.5,20.5,20.16,20.35,173872,352877831.0
2025-03-20,20.39,20.46,20.15,20.19,155880,316394417.0
2025-03-21,20.14,20.23,19.81,19.92,191313,382577711.0
2025-03-24,19.94,20.28,19.79,20.15,186484,373793816.0
2025-03-25,20.15,20.37,19.94,20.12,161809,325648325.0
2025-03-26,20.17,20.48,20.05,20.12,269093,545465633.0
2025-03-27,19.98,19.98,19.7,19.79,194191,384812056.0
2025-03-28,19.81,19.83,19.46,19.6,178857,350301333.0
2025-03-31,19.58,19.65,19.23,19.32,149086,289134412.0
2025-04-01,19.36,19.66,19.35,19.63,142982,279292657.0
2025-04-02,19.62,19.7,19.51,19.55,86091,168687818.0
2025-04-03,19.78,19.78,19.33,19.51,159561,310975849.0
2025-04-07,18.97,19.66,17.56,17.82,419134,776286253.0
2025-04-08,17.83,18.47,17.61,18.33,319267,577988934.0
2025-04-09,18.08,18.72,17.53,18.53,322201,585624838.0
2025-04-10,18.69,18.97,18.51,18.54,280221,524205046.0
2025-04-11,18.54,18.7,18.33,18.46,188539,348379137.0
2025-04-14,18.56,18.84,18.56,18.65,185769,347097632.0
2025-04-15,18.7,18.7,18.45,18.52,94164,174396413.0
2025-04-16,18.5,18.5,18.18,18.34,123651,226285437.0
2025-04-17,18.29,18.62,18.23,18.41,97512,179618809.0
2025-04-18,18.38,18.43,18.23,18.39,63903,117046222.0
2025-04-21,18.32,18.63,18.28,18.6,105851,195915644.0
2025-04-22,18.54,18.72,18.47,18.64,109113,202999954.0
2025-04-23,18.74,19.07,18.7,18.99,188293,355407837.0
2025-04-24,19.0,19.18,18.87,18.9,140053,266156588.0
2025-04-25,18.9,19.09,18.82,18.92,108433,205445066.0
2025-04-28,18.82,18.83,18.44,18.49,135163,250796967.0
2025-04-29,18.49,18.58,18.39,18.42,74263,137131586.0
2025-04-30,18.53,18.54,18.31,18.32,102792,189025500.0
2025-05-06,18.52,19.1,18.52,19.07,261480,494845254.0
2025-05-07,19.19,19.24,18.89,19.0,154661,293771970.0
2025-05-08,19.0,19.05,18.88,18.98,118210,224457094.0
2025-05-09,19.0,19.78,18.92,19.39,376234,729387668.0
2025-05-12,19.42,20.05,19.1,19.8,358393,703723739.0
2025-05-13,20.0,20.05,19.55,19.62,219796,432453365.0
2025-05-14,19.58,20.17,19.55,19.94,302082,602552889.0
2025-05-15,19.91,20.21,19.82,20.01,308503,618847649.0
2025-05-16,19.88,20.98,19.82,20.56,669464,1376880770.0
2025-05-19,20.59,20.59,19.96,20.08,345231,694942890.0
2025-05-20,20.08,20.2,19.86,19.91,247110,493382751.0
2025-05-21,19.91,19.94,19.68,19.81,212773,420451398.0
2025-05-22,19.76,19.76,19.43,19.44,180241,352704179.0
2025-05-23,19.44,19.83,19.44,19.54,167408,328712280.0
2025-05-26,19.56,19.73,19.48,19.63,126274,247706997.0
2025-05-27,19.61,19.61,19.19,19.3,148918,287663351.0
2025-05-28,19.31,19.5,19.29,19.4,118034,229029011.0
2025-05-29,19.38,20.17,19.37,19.8,265451,526598317.0
2025-05-30,19.75,19.75,19.34,19.4,176745,343996361.0
2025-06-03,19.33,19.85,19.33,19.85,197905,389226025.0
2025-06-04,19.9,20.35,19.83,20.27,332189,670485866.0
2025-06-05,20.31,20.95,20.05,20.09,398987,812678114.0
2025-06-06,20.24,20.37,20.1,20.18,215747,435933095.0
2025-06-09,20.28,20.8,20.28,20.55,414101,851154681.0
2025-06-10,20.53,20.6,20.05,20.22,279564,566309519.0
2025-06-11,20.17,21.24,20.16,20.9,674997,1407977261.0
2025-06-12,20.9,21.14,20.56,20.96,458874,957155328.0
2025-06-13,20.96,21.05,20.51,20.78,489739,1014685253.0
2025-06-16,20.71,21.18,20.63,21.03,355322,745522591.0
2025-06-17,20.92,21.38,20.9,21.06,363154,767592895.0
2025-06-18,20.93,21.04,20.49,20.59,274902,567258398.0
2025-06-19,20.61,20.68,20.26,20.38,183507,375345460.0
2025-06-20,20.39,20.89,20.32,20.4,247773,509360036.0
2025-06-23,20.31,20.67,20.3,20.62,190469,391203206.0
2025-06-24,20.6,20.88,20.42,20.82,257155,533996795.0
2025-06-25,20.83,21.97,20.78,21.43,615869,1319894651.0
